2000.000000    0.000000    inf
8000.000000    0.000000    inf
17982.000000    0.010000    1.798200
32000.000000    0.030000    1.066667
50000.000000    0.030000    1.666667
71928.000000    0.040000    1.798200
97755.000000    0.060000    1.629250
128000.000000    0.080000    1.600000
161838.000000    0.120000    1.348650
200000.000000    0.140000    1.428571
240911.000000    0.160000    1.505694
286848.000000    0.180000    1.593600
336141.000000    0.200000    1.680705
389648.000000    0.260000    1.498646
448875.000000    0.280000    1.603125
512000.000000    0.340000    1.505882
574821.000000    0.340000    1.690650
647352.000000    0.420000    1.541314
720195.000000    0.480000    1.500406
800000.000000    0.500000    1.600000
879795.000000    0.520000    1.691913
958320.000000    0.700000    1.369029
1046362.000000    0.590000    1.773495
1147392.000000    0.620000    1.850632
1250000.000000    0.860000    1.453488
1335776.000000    0.820000    1.628995
1456542.000000    0.800000    1.820677
1558592.000000    0.830000    1.877822
1658452.000000    0.970000    1.709744
1782000.000000    1.150000    1.549565
1906624.000000    1.040000    1.833292
2031616.000000    1.120000    1.813943
2156220.000000    1.200000    1.796850
2279632.000000    1.500000    1.519755
2443875.000000    1.360000    1.796967
2566080.000000    1.460000    1.757589
2735262.000000    1.480000    1.848150
2853344.000000    1.690000    1.688369
3025269.000000    1.650000    1.833496
3200000.000000    1.940000    1.649485
3308208.000000    2.070000    1.598168
3482136.000000    2.130000    1.634806
3657322.000000    2.180000    1.677671
3833280.000000    2.210000    1.734516
4009500.000000    2.350000    1.706170
4185448.000000    2.970000    1.409242
4360566.000000    2.450000    1.779823
4534272.000000    2.620000    1.730638
4705960.000000    2.750000    1.711258
5000000.000000    3.470000    1.440922
5173389.000000    3.340000    1.548919
5343104.000000    3.720000    1.436318
5508449.000000    3.440000    1.601293
5826168.000000    3.720000    1.566174
5989500.000000    3.540000    1.691949
6146560.000000    3.510000    1.751157
6481755.000000    3.730000    1.737736
6633808.000000    3.730000    1.778501
6777507.000000    3.880000    1.746780
7128000.000000    3.840000    1.856250
7263392.000000    4.210000    1.725271
7626496.000000    5.160000    1.478003
7751457.000000    4.470000    1.734107
8126464.000000    4.330000    1.876782
8238750.000000    4.770000    1.727201
8624880.000000    4.740000    1.819595
8722127.000000    4.960000    1.758493
9118528.000000    5.140000    1.774033
9198252.000000    5.010000    1.835978
9604000.000000    6.080000    1.579605
10021508.000000    5.910000    1.695687
10077696.000000    5.710000    1.764920
10503459.000000    6.000000    1.750576
10941048.000000    6.450000    1.696287
10968750.000000    5.990000    1.831177
11413325.000000    6.260000    1.823215
11413376.000000    6.290000    1.814527
11863800.000000    7.160000    1.656955
12325975.000000    6.770000    1.820676
12754584.000000    7.400000    1.723592
12800000.000000    7.020000    1.823362
13232832.000000    8.570000    1.544088
13632192.000000    8.030000    1.697658
13722888.000000    8.670000    1.582801
14124875.000000    8.850000    1.596031
14487066.000000    8.350000    1.734978
14629288.000000    9.710000    1.506621
14992384.000000    8.260000    1.815059
15509318.000000    8.440000    1.837597
15824991.000000    11.370000    1.391820
16038000.000000    9.860000    1.626572
16352448.000000    8.760000    1.866718
16891497.000000    10.700000    1.578645
17442264.000000    12.960000    1.345854
17694720.000000    10.870000    1.627849
18004875.000000    10.760000    1.673316
18253460.000000    11.240000    1.623973
18823840.000000    12.070000    1.559556
19405980.000000    11.060000    1.754609
