100000.000000    0.070000    1.428571
200000.000000    0.140000    1.428571
300000.000000    0.210000    1.428571
400000.000000    0.290000    1.379310
500000.000000    0.360000    1.388889
600000.000000    0.460000    1.304348
700000.000000    0.500000    1.400000
800000.000000    0.560000    1.428571
900000.000000    0.700000    1.285714
1000000.000000    0.720000    1.388889
1100000.000000    0.780000    1.410256
1200000.000000    0.840000    1.428571
1300000.000000    0.920000    1.413043
1400000.000000    1.000000    1.400000
1500000.000000    1.100000    1.363636
1600000.000000    1.150000    1.391304
1700000.000000    1.230000    1.382114
1800000.000000    1.310000    1.374046
1900000.000000    1.350000    1.407407
2000000.000000    1.420000    1.408451
2100000.000000    1.490000    1.409396
2200000.000000    1.560000    1.410256
2300000.000000    1.670000    1.377246
2400000.000000    1.690000    1.420118
2500000.000000    1.780000    1.404494
2600000.000000    1.840000    1.413043
2700000.000000    1.910000    1.413613
2800000.000000    2.050000    1.365854
2900000.000000    2.100000    1.380952
3000000.000000    2.130000    1.408451
3100000.000000    2.200000    1.409091
3200000.000000    2.320000    1.379310
3300000.000000    2.350000    1.404255
3400000.000000    2.410000    1.410788
3500000.000000    2.480000    1.411290
3600000.000000    2.600000    1.384615
3700000.000000    2.700000    1.370370
3800000.000000    2.720000    1.397059
3900000.000000    2.820000    1.382979
4000000.000000    2.890000    1.384083
4100000.000000    2.930000    1.399317
4200000.000000    2.950000    1.423729
4300000.000000    3.060000    1.405229
4400000.000000    3.150000    1.396825
4500000.000000    3.210000    1.401869
4600000.000000    3.250000    1.415385
4700000.000000    3.360000    1.398810
4800000.000000    3.440000    1.395349
4900000.000000    3.480000    1.408046
5000000.000000    3.600000    1.388889
5100000.000000    3.610000    1.412742
5200000.000000    3.690000    1.409214
5300000.000000    3.760000    1.409574
5400000.000000    3.840000    1.406250
5500000.000000    3.950000    1.392405
5600000.000000    4.040000    1.386139
5700000.000000    4.010000    1.421446
5800000.000000    4.240000    1.367925
5900000.000000    4.230000    1.394799
6000000.000000    4.310000    1.392111
6100000.000000    4.500000    1.355556
6200000.000000    4.350000    1.425287
6300000.000000    4.650000    1.354839
6400000.000000    4.880000    1.311475
6500000.000000    4.720000    1.377119
6600000.000000    4.930000    1.338742
6700000.000000    4.830000    1.387164
6800000.000000    4.810000    1.413721
6900000.000000    5.260000    1.311787
7000000.000000    5.450000    1.284404
7100000.000000    5.150000    1.378641
7200000.000000    5.170000    1.392650
7300000.000000    5.230000    1.395793
7400000.000000    5.310000    1.393597
7500000.000000    5.460000    1.373626
7600000.000000    5.520000    1.376812
7700000.000000    5.610000    1.372549
7800000.000000    5.680000    1.373239
7900000.000000    5.590000    1.413238
8000000.000000    5.640000    1.418440
8100000.000000    5.820000    1.391753
8200000.000000    5.810000    1.411360
8300000.000000    6.030000    1.376451
8400000.000000    6.170000    1.361426
8500000.000000    6.260000    1.357827
8600000.000000    6.310000    1.362916
8700000.000000    6.240000    1.394231
8800000.000000    6.570000    1.339422
8900000.000000    6.440000    1.381988
9000000.000000    6.440000    1.397516
9100000.000000    6.570000    1.385084
9200000.000000    6.650000    1.383459
9300000.000000    6.750000    1.377778
9400000.000000    6.770000    1.388479
9500000.000000    6.980000    1.361032
9600000.000000    7.000000    1.371429
9700000.000000    6.910000    1.403763
9800000.000000    7.310000    1.340629
9900000.000000    7.220000    1.371191
