2000.000000    0.060000    0.033333
8000.000000    0.040000    0.200000
17982.000000    0.050000    0.359640
32000.000000    0.080000    0.400000
50000.000000    0.110000    0.454545
71928.000000    0.170000    0.423106
97755.000000    0.210000    0.465500
128000.000000    0.280000    0.457143
161838.000000    0.380000    0.425889
200000.000000    0.450000    0.444444
240911.000000    0.500000    0.481822
286848.000000    0.630000    0.455314
336141.000000    0.730000    0.460467
389648.000000    0.900000    0.432942
448875.000000    0.980000    0.458036
512000.000000    1.050000    0.487619
574821.000000    1.220000    0.471165
647352.000000    1.440000    0.449550
720195.000000    1.700000    0.423644
800000.000000    1.740000    0.459770
879795.000000    1.940000    0.453503
958320.000000    2.170000    0.441622
1046362.000000    2.230000    0.469221
1147392.000000    2.350000    0.488252
1250000.000000    2.690000    0.464684
1335776.000000    2.970000    0.449756
1456542.000000    3.120000    0.466840
1558592.000000    3.250000    0.479567
1658452.000000    3.660000    0.453129
1782000.000000    4.160000    0.428365
1906624.000000    4.180000    0.456130
2031616.000000    4.230000    0.480287
2156220.000000    4.640000    0.464703
2279632.000000    4.760000    0.478914
2443875.000000    5.230000    0.467280
2566080.000000    5.260000    0.487848
2735262.000000    5.890000    0.464391
2853344.000000    6.360000    0.448639
3025269.000000    6.510000    0.464711
3200000.000000    7.030000    0.455192
3308208.000000    7.330000    0.451324
3482136.000000    7.690000    0.452814
3657322.000000    7.890000    0.463539
3833280.000000    7.900000    0.485225
4009500.000000    8.640000    0.464062
4185448.000000    9.510000    0.440110
4360566.000000    9.370000    0.465375
4534272.000000    9.360000    0.484431
4705960.000000    10.170000    0.462730
5000000.000000    10.320000    0.484496
5173389.000000    10.800000    0.479017
5343104.000000    11.170000    0.478344
5508449.000000    12.030000    0.457893
5826168.000000    13.390000    0.435113
5989500.000000    13.030000    0.459670
6146560.000000    12.850000    0.478332
6481755.000000    14.160000    0.457751
6633808.000000    14.510000    0.457189
6777507.000000    14.770000    0.458870
7128000.000000    15.840000    0.450000
7263392.000000    16.730000    0.434154
7626496.000000    18.040000    0.422755
7751457.000000    17.790000    0.435720
8126464.000000    17.970000    0.452224
8238750.000000    18.020000    0.457200
8624880.000000    18.890000    0.456584
8722127.000000    18.940000    0.460514
9118528.000000    19.160000    0.475915
9198252.000000    20.090000    0.457852
9604000.000000    20.830000    0.461066
10021508.000000    21.880000    0.458021
10077696.000000    21.040000    0.478978
10503459.000000    23.110000    0.454498
10941048.000000    22.990000    0.475905
10968750.000000    23.020000    0.476488
11413325.000000    25.120000    0.454352
11413376.000000    24.010000    0.475359
11863800.000000    26.900000    0.441033
12325975.000000    28.190000    0.437246
12754584.000000    26.610000    0.479315
12800000.000000    26.990000    0.474250
13232832.000000    30.040000    0.440507
13632192.000000    30.990000    0.439890
13722888.000000    32.010000    0.428706
14124875.000000    29.610000    0.477031
14487066.000000    30.610000    0.473279
14629288.000000    33.490000    0.436826
14992384.000000    31.430000    0.477009
15509318.000000    32.630000    0.475309
15824991.000000    34.860000    0.453958
16038000.000000    33.870000    0.473516
16352448.000000    34.010000    0.480813
16891497.000000    36.880000    0.458012
17442264.000000    40.270000    0.433133
17694720.000000    36.820000    0.480574
18004875.000000    39.490000    0.455935
18253460.000000    40.200000    0.454066
18823840.000000    39.720000    0.473913
19405980.000000    40.980000    0.473548
