2    8.000000    36.000000    36.260000    2.757860    2.777778
3    27.000000    35.000000    34.940000    2.862049    2.857142
4    64.000000    35.000000    34.200000    2.923977    2.857143
5    125.000000    34.000000    34.000000    2.941176    2.941176
6    216.000000    34.000000    34.740000    2.878520    2.941170
7    343.000000    34.000000    34.080000    2.934270    2.941175
8    512.000000    35.000000    34.880000    2.866965    2.857136
9    729.000000    34.000000    34.010000    2.940307    2.941172
10    1000.000000    34.000000    34.040000    2.937720    2.941176
11    1331.000000    35.000000    34.420000    2.905269    2.857125
12    1728.000000    35.000000    34.730000    2.879337    2.857125
13    2197.000000    34.000000    34.850000    2.869402    2.941137
14    2744.000000    35.000000    34.500000    2.898539    2.857131
15    3375.000000    35.000000    34.750000    2.877637    2.857082
16    4096.000000    34.000000    34.620000    2.888496    2.941169
17    4913.000000    36.000000    35.170000    2.843310    2.777756
18    5832.000000    35.000000    35.360000    2.827926    2.857013
19    6859.000000    35.000000    35.480000    2.818415    2.857067
20    8000.000000    35.000000    34.800000    2.873563    2.857143
21    9261.000000    36.000000    35.310000    2.831805    2.777528
22    10648.000000    35.000000    35.290000    2.833533    2.857011
23    12167.000000    35.000000    35.030000    2.854365    2.856812
24    13824.000000    37.000000    36.410000    2.746196    2.702405
25    15625.000000    34.000000    34.700000    2.881844    2.941176
26    17576.000000    37.000000    36.310000    2.753783    2.702429
27    19683.000000    36.000000    36.510000    2.738692    2.777490
28    21952.000000    35.000000    34.830000    2.870840    2.856896
29    24389.000000    35.000000    35.350000    2.828710    2.856997
30    27000.000000    37.000000    36.880000    2.710982    2.702189
31    29791.000000    37.000000    36.960000    2.705049    2.702124
32    32768.000000    39.000000    38.220000    2.615781    2.563466
33    35937.000000    38.000000    38.770000    2.578714    2.630967
34    39304.000000    41.000000    40.020000    2.498485    2.438765
35    42875.000000    41.000000    41.160000    2.429167    2.438646
36    46656.000000    43.000000    42.950000    2.327912    2.325205
37    50653.000000    43.000000    43.090000    2.320469    2.325326
38    54872.000000    45.000000    44.900000    2.226654    2.221706
39    59319.000000    46.000000    45.810000    2.181893    2.172881
40    64000.000000    46.000000    46.370000    2.155877    2.173217
41    68921.000000    46.000000    45.960000    2.174401    2.172510
42    74088.000000    47.000000    46.400000    2.153981    2.126483
43    79507.000000    47.000000    46.630000    2.143262    2.126389
44    85184.000000    47.000000    46.940000    2.128693    2.125975
45    91125.000000    47.000000    47.490000    2.104951    2.126896
46    97336.000000    48.000000    47.540000    2.102736    2.082585
47    103823.000000    48.000000    47.440000    2.107537    2.082949
48    110592.000000    48.000000    48.210000    2.073743    2.082816
49    117649.000000    48.000000    47.670000    2.095322    2.080917
50    125000.000000    47.000000    47.730000    2.095118    2.127660
51    132651.000000    48.000000    47.950000    2.083132    2.080963
52    140608.000000    47.000000    47.680000    2.096734    2.127070
53    148877.000000    48.000000    47.370000    2.108855    2.081176
54    157464.000000    48.000000    47.630000    2.099300    2.083118
55    166375.000000    49.000000    49.040000    2.038976    2.040640
56    175616.000000    48.000000    48.460000    2.062020    2.081781
57    185193.000000    48.000000    48.030000    2.078264    2.079563
58    195112.000000    48.000000    48.620000    2.054655    2.081195
59    205379.000000    49.000000    48.760000    2.047051    2.037024
60    216000.000000    48.000000    48.070000    2.075973    2.079000
61    226981.000000    49.000000    48.210000    2.071596    2.038197
62    238328.000000    48.000000    48.090000    2.076511    2.080405
63    250047.000000    49.000000    48.620000    2.052011    2.036097
64    262144.000000    49.000000    48.850000    2.044562    2.038303
65    274625.000000    48.000000    48.370000    2.066643    2.082573
66    287496.000000    49.000000    48.180000    2.070592    2.035941
67    300763.000000    48.000000    48.510000    2.058407    2.080277
68    314432.000000    49.000000    48.500000    2.061637    2.040600
69    328509.000000    48.000000    47.870000    2.086207    2.080557
70    343000.000000    50.000000    49.720000    2.007502    1.996260
71    357911.000000    49.000000    48.850000    2.044159    2.037901
72    373248.000000    49.000000    49.010000    2.033406    2.033821
73    389017.000000    50.000000    49.150000    2.034128    1.999547
74    405224.000000    48.000000    48.460000    2.057060    2.076773
75    421875.000000    50.000000    49.180000    2.033029    1.999688
76    438976.000000    48.000000    48.650000    2.048254    2.075991
77    456533.000000    49.000000    48.860000    2.046269    2.040423
78    474552.000000    49.000000    49.060000    2.031307    2.033794
79    493039.000000    50.000000    50.110000    1.987505    1.991878
80    512000.000000    71.000000    71.370000    1.398907    1.406197
81    531441.000000    50.000000    49.440000    2.020852    1.998218
82    551368.000000    49.000000    49.130000    2.031297    2.036686
83    571787.000000    50.000000    49.420000    2.013172    1.989819
84    592704.000000    50.000000    50.130000    1.986321    1.991485
85    614125.000000    49.000000    49.060000    2.027889    2.030372
86    636056.000000    50.000000    49.580000    2.014135    1.997216
87    658503.000000    52.000000    51.720000    1.922544    1.912191
88    681472.000000    51.000000    50.790000    1.958947    1.950881
89    704969.000000    50.000000    50.050000    1.986027    1.988013
90    729000.000000    50.000000    50.120000    1.992678    1.997460
91    753571.000000    50.000000    50.410000    1.973247    1.989427
92    778688.000000    51.000000    50.420000    1.976836    1.954354
93    804357.000000    50.000000    49.580000    2.011704    1.994805
94    830584.000000    51.000000    50.260000    1.983090    1.954315
95    857375.000000    51.000000    50.640000    1.963971    1.950108
96    884736.000000    51.000000    51.120000    1.955696    1.960297
97    912673.000000    52.000000    51.420000    1.934682    1.913103
98    941192.000000    51.000000    50.970000    1.957354    1.956203
99    970299.000000    53.000000    52.860000    1.890670    1.885675
100    1000000.000000    51.000000    51.260000    1.950839    1.960784
101    1030301.000000    53.000000    53.210000    1.878203    1.885645
102    1061208.000000    52.000000    51.290000    1.944893    1.918338
103    1092727.000000    52.000000    52.040000    1.910802    1.912272
104    1124864.000000    52.000000    51.990000    1.903982    1.903616
105    1157625.000000    53.000000    52.530000    1.895217    1.878410
106    1191016.000000    52.000000    51.600000    1.915782    1.901045
107    1225043.000000    52.000000    51.960000    1.909709    1.908240
108    1259712.000000    51.000000    51.230000    1.942558    1.951319
109    1295029.000000    52.000000    52.040000    1.916165    1.917639
110    1331000.000000    53.000000    52.650000    1.896011    1.883491
111    1367631.000000    53.000000    52.580000    1.898765    1.883718
112    1404928.000000    54.000000    53.420000    1.867276    1.847220
113    1442897.000000    53.000000    53.080000    1.875657    1.878489
114    1481544.000000    52.000000    52.510000    1.890372    1.908912
115    1520875.000000    53.000000    52.720000    1.875130    1.865224
116    1560896.000000    65.000000    64.360000    1.552165    1.536882
117    1601613.000000    53.000000    52.960000    1.875000    1.873585
118    1643032.000000    53.000000    52.820000    1.866375    1.860036
119    1685159.000000    54.000000    53.900000    1.844608    1.841192
120    1728000.000000    53.000000    53.340000    1.846569    1.858415
121    1771561.000000    54.000000    53.530000    1.853305    1.837174
122    1815848.000000    55.000000    54.230000    1.841631    1.815848
123    1860867.000000    57.000000    56.170000    1.755847    1.730280
124    1906624.000000    54.000000    53.460000    1.854554    1.836008
125    1953125.000000    55.000000    54.950000    1.812727    1.811080
126    2000376.000000    54.000000    53.680000    1.825977    1.815156
127    2048383.000000    54.000000    54.250000    1.812394    1.820785
128    2097152.000000    55.000000    55.150000    1.787237    1.792112
129    2146689.000000    55.000000    54.930000    1.797701    1.795413
130    2197000.000000    56.000000    56.110000    1.761985    1.765446
131    2248091.000000    55.000000    54.620000    1.810985    1.798473
132    2299968.000000    54.000000    54.060000    1.829423    1.831456
133    2352637.000000    54.000000    54.350000    1.818045    1.829829
134    2406104.000000    55.000000    54.820000    1.799531    1.793641
135    2460375.000000    54.000000    54.780000    1.796550    1.822500
136    2515456.000000    57.000000    56.220000    1.744980    1.721101
137    2571353.000000    54.000000    54.690000    1.786641    1.809471
138    2628072.000000    56.000000    56.110000    1.779838    1.783335
139    2685619.000000    57.000000    56.250000    1.766540    1.743297
140    2744000.000000    56.000000    56.080000    1.761484    1.764000
141    2803221.000000    55.000000    55.280000    1.774832    1.783868
142    2863288.000000    56.000000    55.540000    1.752823    1.738425
143    2924207.000000    56.000000    56.550000    1.758144    1.775411
144    2985984.000000    57.000000    56.820000    1.734204    1.728728
145    3048625.000000    56.000000    55.540000    1.756500    1.742071
146    3112136.000000    57.000000    57.350000    1.736501    1.747164
147    3176523.000000    58.000000    57.220000    1.720940    1.697797
148    3241792.000000    54.000000    54.610000    1.780878    1.800996
149    3307949.000000    56.000000    56.510000    1.756122    1.772116
150    3375000.000000    56.000000    56.040000    1.746520    1.747768
151    3442951.000000    58.000000    58.220000    1.714970    1.721475
152    3511808.000000    58.000000    58.080000    1.693020    1.695356
153    3581577.000000    67.000000    66.070000    1.463638    1.443322
154    3652264.000000    57.000000    56.780000    1.736723    1.730020
155    3723875.000000    57.000000    56.820000    1.703991    1.698610
156    3796416.000000    56.000000    55.780000    1.769574    1.762622
157    3869893.000000    57.000000    56.180000    1.722095    1.697321
158    3944312.000000    57.000000    56.680000    1.739728    1.729961
159    4019679.000000    58.000000    57.580000    1.675448    1.663315
160    4096000.000000    59.000000    58.570000    1.678402    1.666169
161    4173281.000000    56.000000    56.170000    1.708839    1.714026
162    4251528.000000    57.000000    57.530000    1.699724    1.715529
163    4330747.000000    60.000000    59.500000    1.674070    1.660120
164    4410944.000000    57.000000    56.780000    1.709066    1.702470
165    4492125.000000    59.000000    58.020000    1.703322    1.675030
166    4574296.000000    57.000000    56.510000    1.699880    1.685267
167    4657463.000000    59.000000    58.310000    1.677358    1.657741
168    4741632.000000    60.000000    59.760000    1.666236    1.659571
169    4826809.000000    57.000000    57.090000    1.690947    1.693617
170    4913000.000000    59.000000    58.030000    1.693262    1.665424
171    5000211.000000    57.000000    57.170000    1.661781    1.666737
172    5088448.000000    57.000000    56.430000    1.713282    1.696149
173    5177717.000000    60.000000    59.200000    1.661767    1.639610
174    5268024.000000    57.000000    56.430000    1.680390    1.663587
175    5359375.000000    58.000000    58.180000    1.658108    1.663254
176    5451776.000000    60.000000    60.070000    1.633627    1.635533
177    5545233.000000    60.000000    60.340000    1.654196    1.663570
178    5639752.000000    58.000000    57.400000    1.670310    1.653031
179    5735339.000000    59.000000    59.650000    1.634548    1.652555
180    5832000.000000    59.000000    58.840000    1.684976    1.680407
181    5929741.000000    57.000000    56.680000    1.673886    1.664489
182    6028568.000000    58.000000    58.190000    1.657623    1.663053
183    6128487.000000    60.000000    59.580000    1.645784    1.634263
184    6229504.000000    62.000000    61.670000    1.616216    1.607614
185    6331625.000000    57.000000    57.480000    1.652303    1.666217
186    6434856.000000    57.000000    57.860000    1.668214    1.693383
187    6539203.000000    61.000000    60.960000    1.609056    1.608001
188    6644672.000000    61.000000    61.050000    1.632598    1.633936
189    6751269.000000    57.000000    57.140000    1.654144    1.658206
190    6859000.000000    58.000000    57.920000    1.657907    1.655621
191    6967871.000000    61.000000    60.310000    1.617480    1.599184
192    7077888.000000    62.000000    61.630000    1.607828    1.598233
193    7189057.000000    57.000000    56.910000    1.642202    1.639609
194    7301384.000000    58.000000    57.670000    1.645882    1.636517
195    7414875.000000    59.000000    59.300000    1.625521    1.633786
196    7529536.000000    58.000000    58.890000    1.662149    1.687655
197    7645373.000000    60.000000    60.100000    1.653741    1.656497
198    7762392.000000    57.000000    56.930000    1.636197    1.634188
199    7880599.000000    59.000000    58.450000    1.617916    1.602834
200    8000000.000000    59.000000    59.660000    1.609118    1.627119
201    8120601.000000    61.000000    60.660000    1.606449    1.597495
202    8242408.000000    61.000000    60.330000    1.639465    1.621457
203    8365427.000000    57.000000    57.240000    1.607612    1.614381
204    8489664.000000    56.000000    56.310000    1.658432    1.667613
205    8615125.000000    58.000000    57.570000    1.646107    1.633903
206    8741816.000000    60.000000    58.970000    1.630659    1.602666
207    8869743.000000    62.000000    61.240000    1.593194    1.573664
208    8998912.000000    62.000000    62.140000    1.592984    1.596581
209    9129329.000000    56.000000    56.110000    1.627041    1.630237
210    9261000.000000    57.000000    56.930000    1.626735    1.624737
211    9393931.000000    59.000000    58.700000    1.600329    1.592192
212    9528128.000000    57.000000    56.590000    1.683712    1.671601
213    9663597.000000    60.000000    59.250000    1.630987    1.610599
214    9800344.000000    60.000000    60.320000    1.624725    1.633391
215    9938375.000000    62.000000    61.860000    1.606591    1.602964
216    10077696.000000    56.000000    56.720000    1.599070    1.619630
217    10218313.000000    58.000000    58.220000    1.579609    1.585600
218    10360232.000000    57.000000    57.400000    1.624427    1.635826
219    10503459.000000    60.000000    59.030000    1.601408    1.575519
220    10648000.000000    58.000000    57.660000    1.662019    1.652276
221    10793861.000000    60.000000    59.780000    1.625038    1.619079
222    10941048.000000    61.000000    60.560000    1.625981    1.614253
223    11089567.000000    63.000000    62.400000    1.599457    1.584224
224    11239424.000000    57.000000    56.590000    1.588892    1.577463
225    11390625.000000    57.000000    56.920000    1.600931    1.598684
226    11543176.000000    57.000000    56.940000    1.621802    1.620095
227    11697083.000000    59.000000    58.610000    1.596599    1.586045
228    11852352.000000    57.000000    56.810000    1.669052    1.663488
229    12008989.000000    71.000000    70.820000    1.356565    1.353126
230    12167000.000000    60.000000    60.460000    1.609924    1.622267
231    12326391.000000    62.000000    61.800000    1.595649    1.590502
232    12487168.000000    64.000000    63.190000    1.580904    1.560896
233    12649337.000000    55.000000    54.690000    1.619041    1.609916
234    12812904.000000    56.000000    55.670000    1.611107    1.601613
235    12977875.000000    57.000000    56.770000    1.600231    1.593774
236    13144256.000000    56.000000    55.520000    1.657237    1.643032
237    13312053.000000    58.000000    57.470000    1.621444    1.606627
238    13481272.000000    58.000000    58.390000    1.616183    1.627050
239    13651919.000000    60.000000    60.130000    1.589280    1.592724
240    13824000.000000    62.000000    61.810000    1.565572    1.560774
241    13997521.000000    61.000000    61.010000    1.606010    1.606273
242    14172488.000000    61.000000    61.410000    1.615493    1.626351
243    14348907.000000    61.000000    60.730000    1.417643    1.411368
244    14526784.000000    52.000000    52.520000    1.659572    1.676167
245    14706125.000000    54.000000    54.120000    1.630391    1.634014
246    14886936.000000    62.000000    62.060000    1.439278    1.440671
247    15069223.000000    57.000000    57.230000    1.579859    1.586234
248    15252992.000000    59.000000    58.080000    1.575722    1.551152
249    15438249.000000    57.000000    57.430000    1.612911    1.625079
250    15625000.000000    58.000000    58.180000    1.611378    1.616379
251    15813251.000000    59.000000    59.740000    1.588207    1.608127
252    16003008.000000    58.000000    58.210000    1.649511    1.655484
253    16194277.000000    62.000000    61.810000    1.572006    1.567188
254    16387064.000000    62.000000    62.710000    1.567890    1.585845
255    16581375.000000    72.000000    72.160000    1.378717    1.381781
256    16777216.000000    53.000000    53.140000    1.578586    1.582756
257    16974593.000000    53.000000    53.020000    1.600773    1.601377
258    17173512.000000    54.000000    53.540000    1.603802    1.590140
259    17373979.000000    55.000000    54.350000    1.598342    1.579453
260    17576000.000000    54.000000    53.460000    1.643846    1.627407
261    17779581.000000    54.000000    54.610000    1.627869    1.646257
262    17984728.000000    56.000000    55.490000    1.620538    1.605779
263    18191447.000000    57.000000    57.540000    1.580765    1.595741
264    18399744.000000    60.000000    59.300000    1.551412    1.533312
265    18609625.000000    58.000000    58.430000    1.592472    1.604278
266    18821096.000000    59.000000    58.760000    1.601523    1.595008
267    19034163.000000    59.000000    59.800000    1.591485    1.613065
268    19248832.000000    58.000000    58.290000    1.651126    1.659382
269    19465109.000000    68.000000    67.250000    1.447220    1.431258
270    19683000.000000    62.000000    61.670000    1.595833    1.587339
271    19902511.000000    63.000000    62.950000    1.580819    1.579564
272    20123648.000000    51.000000    51.200000    1.572160    1.578325
273    20346417.000000    51.000000    50.620000    1.607777    1.595797
274    20570824.000000    52.000000    51.740000    1.590323    1.582371
275    20796875.000000    52.000000    52.450000    1.586034    1.599760
276    21024576.000000    51.000000    50.800000    1.655478    1.648986
277    21253933.000000    53.000000    52.350000    1.623987    1.604070
278    21484952.000000    54.000000    53.740000    1.599178    1.591478
279    21717639.000000    55.000000    55.080000    1.577171    1.579465
280    21952000.000000    56.000000    56.050000    1.566601    1.568000
281    22188041.000000    56.000000    55.220000    1.607247    1.584860
282    22425768.000000    56.000000    55.840000    1.606430    1.601841
283    22665187.000000    58.000000    57.310000    1.581936    1.563116
284    22906304.000000    56.000000    55.380000    1.654482    1.636165
285    23149125.000000    58.000000    57.520000    1.609814    1.596491
286    23393656.000000    59.000000    58.280000    1.605604    1.586011
287    23639903.000000    60.000000    59.550000    1.587903    1.575994
288    23887872.000000    61.000000    60.820000    1.571054    1.566418
289    24137569.000000    61.000000    60.550000    1.594555    1.582791
290    24389000.000000    61.000000    60.750000    1.605860    1.599279
291    24642171.000000    62.000000    62.220000    1.584196    1.589817
292    24897088.000000    60.000000    59.880000    1.663132    1.659806
293    25153757.000000    47.000000    46.650000    1.617605    1.605559
294    25412184.000000    48.000000    47.650000    1.599928    1.588261
295    25672375.000000    50.000000    49.300000    1.562213    1.540342
296    25934336.000000    50.000000    49.700000    1.565453    1.556060
297    26198073.000000    50.000000    49.200000    1.597443    1.571884
298    26463592.000000    49.000000    49.300000    1.610361    1.620220
299    26730899.000000    51.000000    50.620000    1.584210    1.572406
300    27000000.000000    49.000000    49.030000    1.652050    1.653061
