5    125.000000    20.000000    20.370000    4.909180    5.000000
6    216.000000    20.000000    20.230000    4.943143    4.999990
7    343.000000    21.000000    20.630000    4.847307    4.761902
8    512.000000    20.000000    20.210000    4.948033    4.999987
9    729.000000    20.000000    19.970000    5.007504    4.999992
10    1000.000000    20.000000    20.180000    4.955401    5.000000
11    1331.000000    21.000000    20.920000    4.780084    4.761874
12    1728.000000    20.000000    20.040000    4.989988    4.999968
13    2197.000000    21.000000    20.180000    4.955335    4.761841
14    2744.000000    20.000000    20.530000    4.870901    4.999980
15    3375.000000    20.000000    20.100000    4.975019    4.999894
16    4096.000000    20.000000    20.060000    4.985032    4.999987
17    4913.000000    21.000000    20.110000    4.972611    4.761867
18    5832.000000    20.000000    20.170000    4.957634    4.999774
19    6859.000000    20.000000    20.200000    4.950364    4.999868
20    8000.000000    20.000000    20.190000    4.952947    5.000000
21    9261.000000    20.000000    20.070000    4.982113    4.999551
22    10648.000000    20.000000    20.180000    4.955172    4.999768
23    12167.000000    21.000000    20.160000    4.959742    4.761353
24    13824.000000    20.000000    20.020000    4.994455    4.999450
25    15625.000000    20.000000    20.080000    4.980080    5.000000
26    17576.000000    20.000000    20.090000    4.977096    4.999493
27    19683.000000    20.000000    20.450000    4.889469    4.999482
28    21952.000000    21.000000    20.460000    4.887163    4.761493
29    24389.000000    20.000000    20.210000    4.947793    4.999745
30    27000.000000    21.000000    20.600000    4.853447    4.761000
31    29791.000000    21.000000    20.680000    4.834555    4.760886
32    32768.000000    20.000000    20.230000    4.941926    4.998758
33    35937.000000    20.000000    20.100000    4.973967    4.998837
34    39304.000000    20.000000    20.130000    4.967182    4.999469
35    42875.000000    21.000000    20.820000    4.802329    4.761167
36    46656.000000    20.000000    19.990000    5.001691    4.999190
37    50653.000000    20.000000    20.020000    4.994457    4.999451
38    54872.000000    21.000000    20.250000    4.937125    4.760799
39    59319.000000    20.000000    20.130000    4.965351    4.997626
40    64000.000000    20.000000    19.980000    5.003403    4.998400
41    68921.000000    20.000000    20.010000    4.994275    4.996772
42    74088.000000    20.000000    20.370000    4.906466    4.997236
43    79507.000000    20.000000    20.080000    4.977107    4.997015
44    85184.000000    20.000000    20.040000    4.986069    4.996042
45    91125.000000    21.000000    20.080000    4.978293    4.760196
46    97336.000000    20.000000    20.220000    4.943822    4.998204
47    103823.000000    20.000000    20.320000    4.920352    4.999077
48    110592.000000    21.000000    20.310000    4.922460    4.760722
49    117649.000000    20.000000    20.200000    4.944753    4.994200
50    125000.000000    20.000000    20.340000    4.916421    5.000000
51    132651.000000    21.000000    20.580000    4.853557    4.756486
52    140608.000000    20.000000    20.340000    4.915058    4.998614
53    148877.000000    21.000000    20.500000    4.872998    4.756975
54    157464.000000    20.000000    20.390000    4.903857    4.999482
55    166375.000000    21.000000    20.710000    4.828169    4.761494
56    175616.000000    21.000000    21.120000    4.731321    4.758357
57    185193.000000    21.000000    20.680000    4.826839    4.753287
58    195112.000000    21.000000    20.510000    4.870665    4.757016
59    205379.000000    20.000000    20.510000    4.866611    4.990710
60    216000.000000    21.000000    20.370000    4.898969    4.752000
61    226981.000000    20.000000    20.660000    4.834058    4.993582
62    238328.000000    20.000000    20.620000    4.842843    4.992972
63    250047.000000    21.000000    20.660000    4.829078    4.750893
64    262144.000000    20.000000    20.310000    4.917620    4.993843
65    274625.000000    20.000000    20.430000    4.892976    4.998175
66    287496.000000    21.000000    20.440000    4.880681    4.750529
67    300763.000000    21.000000    20.840000    4.791426    4.754920
68    314432.000000    21.000000    20.960000    4.770485    4.761399
69    328509.000000    23.000000    22.960000    4.349597    4.342032
70    343000.000000    21.000000    20.800000    4.798702    4.753000
71    357911.000000    21.000000    20.810000    4.798518    4.755103
72    373248.000000    21.000000    20.540000    4.851861    4.745582
73    389017.000000    20.000000    20.350000    4.912893    4.998868
74    405224.000000    20.000000    20.300000    4.910596    4.984255
75    421875.000000    21.000000    20.410000    4.898793    4.761161
76    438976.000000    20.000000    20.440000    4.875125    4.982378
77    456533.000000    22.000000    21.140000    4.729457    4.544579
78    474552.000000    20.000000    20.750000    4.802695    4.982796
79    493039.000000    21.000000    20.960000    4.751616    4.742566
80    512000.000000    20.000000    20.430000    4.886931    4.992000
81    531441.000000    21.000000    20.490000    4.876081    4.757662
82    551368.000000    21.000000    21.190000    4.709656    4.752267
83    571787.000000    21.000000    20.600000    4.829657    4.737664
84    592704.000000    20.000000    20.250000    4.917248    4.978714
85    614125.000000    20.000000    20.260000    4.910575    4.974412
86    636056.000000    21.000000    20.550000    4.859406    4.755276
87    658503.000000    21.000000    20.720000    4.798936    4.734950
88    681472.000000    21.000000    20.760000    4.792626    4.737853
89    704969.000000    20.000000    20.700000    4.801963    4.970031
90    729000.000000    22.000000    22.390000    4.460607    4.539682
91    753571.000000    20.000000    20.290000    4.902483    4.973569
92    778688.000000    20.000000    20.170000    4.941600    4.983603
93    804357.000000    20.000000    20.320000    4.908478    4.987013
94    830584.000000    21.000000    20.300000    4.909856    4.746194
95    857375.000000    20.000000    20.230000    4.916238    4.972775
96    884736.000000    21.000000    20.430000    4.893547    4.760722
97    912673.000000    20.000000    20.640000    4.819833    4.974068
98    941192.000000    21.000000    20.290000    4.917021    4.750779
99    970299.000000    21.000000    21.030000    4.752297    4.759086
100    1000000.000000    20.000000    20.360000    4.911591    5.000000
101    1030301.000000    21.000000    21.330000    4.685382    4.759009
102    1061208.000000    21.000000    20.500000    4.866027    4.750169
103    1092727.000000    20.000000    20.370000    4.881598    4.971908
104    1124864.000000    20.000000    20.150000    4.912557    4.949402
105    1157625.000000    20.000000    20.610000    4.830459    4.977787
106    1191016.000000    21.000000    20.150000    4.905922    4.707349
107    1225043.000000    21.000000    21.000000    4.725166    4.725166
108    1259712.000000    20.000000    20.390000    4.880689    4.975862
109    1295029.000000    20.000000    20.220000    4.931614    4.985862
110    1331000.000000    20.000000    20.280000    4.922337    4.991250
111    1367631.000000    21.000000    20.410000    4.891576    4.754146
112    1404928.000000    21.000000    20.820000    4.791061    4.749995
113    1442897.000000    20.000000    20.230000    4.921399    4.977995
114    1481544.000000    21.000000    20.240000    4.904321    4.726831
115    1520875.000000    20.000000    20.150000    4.906048    4.942844
116    1560896.000000    21.000000    20.530000    4.865920    4.757016
117    1601613.000000    20.000000    20.140000    4.930487    4.965000
118    1643032.000000    20.000000    20.110000    4.902134    4.929096
119    1685159.000000    20.000000    20.580000    4.831117    4.971219
120    1728000.000000    20.000000    20.140000    4.890566    4.924800
121    1771561.000000    20.000000    20.080000    4.940608    4.960371
122    1815848.000000    21.000000    20.300000    4.919785    4.755792
123    1860867.000000    20.000000    20.160000    4.892160    4.931298
124    1906624.000000    21.000000    21.160000    4.685465    4.721164
125    1953125.000000    21.000000    21.730000    4.583957    4.743304
126    2000376.000000    20.000000    20.510000    4.779055    4.900921
127    2048383.000000    20.000000    20.010000    4.913662    4.916119
128    2097152.000000    20.000000    19.910000    4.950585    4.928307
129    2146689.000000    20.000000    20.110000    4.910378    4.937385
130    2197000.000000    20.000000    20.110000    4.916211    4.943250
131    2248091.000000    20.000000    20.110000    4.918747    4.945800
132    2299968.000000    21.000000    20.750000    4.766199    4.709458
133    2352637.000000    21.000000    20.350000    4.855565    4.705274
134    2406104.000000    20.000000    19.980000    4.937451    4.932513
135    2460375.000000    21.000000    20.520000    4.796053    4.686429
136    2515456.000000    20.000000    19.780000    4.959696    4.905139
137    2571353.000000    21.000000    20.720000    4.715802    4.652924
138    2628072.000000    21.000000    20.960000    4.764634    4.755559
139    2685619.000000    20.000000    20.330000    4.887747    4.968395
140    2744000.000000    20.000000    20.030000    4.931802    4.939200
141    2803221.000000    20.000000    20.080000    4.886092    4.905637
142    2863288.000000    20.000000    19.750000    4.929205    4.867590
143    2924207.000000    21.000000    20.320000    4.892866    4.734430
144    2985984.000000    20.000000    20.190000    4.880509    4.926874
145    3048625.000000    20.000000    19.840000    4.917137    4.877800
146    3112136.000000    20.000000    20.320000    4.901002    4.979418
147    3176523.000000    21.000000    20.090000    4.901554    4.689153
148    3241792.000000    22.000000    21.570000    4.508751    4.420625
149    3307949.000000    21.000000    20.640000    4.808065    4.725641
150    3375000.000000    20.000000    20.050000    4.881546    4.893750
151    3442951.000000    20.000000    20.860000    4.786461    4.992279
152    3511808.000000    20.000000    20.190000    4.870264    4.916531
153    3581577.000000    19.000000    19.730000    4.901296    5.089609
154    3652264.000000    22.000000    22.470000    4.388568    4.482324
155    3723875.000000    20.000000    20.100000    4.816953    4.841037
156    3796416.000000    20.000000    20.060000    4.920579    4.935341
157    3869893.000000    20.000000    19.700000    4.911032    4.837366
158    3944312.000000    20.000000    20.130000    4.898549    4.930390
159    4019679.000000    19.000000    19.730000    4.889625    5.077489
160    4096000.000000    29.000000    28.700000    3.425226    3.389793
161    4173281.000000    20.000000    19.550000    4.909742    4.799273
162    4251528.000000    20.000000    19.930000    4.906430    4.889257
163    4330747.000000    20.000000    20.620000    4.830610    4.980359
164    4410944.000000    20.000000    19.830000    4.893634    4.852038
165    4492125.000000    21.000000    20.280000    4.873114    4.706036
166    4574296.000000    20.000000    19.610000    4.898532    4.803011
167    4657463.000000    21.000000    20.140000    4.856342    4.657463
168    4741632.000000    20.000000    20.250000    4.917248    4.978714
169    4826809.000000    20.000000    20.000000    4.826809    4.826809
170    4913000.000000    21.000000    20.130000    4.881272    4.679048
171    5000211.000000    20.000000    19.340000    4.912307    4.750200
172    5088448.000000    20.000000    19.790000    4.885321    4.834026
173    5177717.000000    20.000000    20.030000    4.911464    4.918831
174    5268024.000000    20.000000    19.900000    4.765047    4.741222
175    5359375.000000    20.000000    19.730000    4.889445    4.823437
176    5451776.000000    20.000000    19.940000    4.921362    4.906598
177    5545233.000000    20.000000    20.510000    4.866611    4.990710
178    5639752.000000    20.000000    19.880000    4.822726    4.793789
179    5735339.000000    21.000000    20.890000    4.667341    4.642893
180    5832000.000000    21.000000    20.200000    4.908119    4.721143
181    5929741.000000    20.000000    19.340000    4.905680    4.743793
182    6028568.000000    20.000000    19.690000    4.898786    4.822854
183    6128487.000000    20.000000    20.460000    4.792561    4.902790
184    6229504.000000    20.000000    20.430000    4.878711    4.983603
185    6331625.000000    19.000000    19.260000    4.931172    4.998651
186    6434856.000000    20.000000    19.700000    4.899637    4.826142
187    6539203.000000    20.000000    20.100000    4.880002    4.904402
188    6644672.000000    20.000000    20.430000    4.878614    4.983504
189    6751269.000000    19.000000    19.540000    4.837143    4.974619
190    6859000.000000    20.000000    19.800000    4.849798    4.801300
191    6967871.000000    20.000000    20.160000    4.838799    4.877510
192    7077888.000000    21.000000    20.810000    4.761674    4.718592
193    7189057.000000    19.000000    19.350000    4.829857    4.918828
194    7301384.000000    21.000000    20.810000    4.561172    4.519904
195    7414875.000000    22.000000    20.900000    4.612123    4.381517
196    7529536.000000    20.000000    20.600000    4.751649    4.894198
197    7645373.000000    20.000000    20.260000    4.905718    4.969492
198    7762392.000000    20.000000    19.350000    4.813887    4.657435
199    7880599.000000    19.000000    19.740000    4.790638    4.977220
200    8000000.000000    20.000000    20.070000    4.783259    4.800000
201    8120601.000000    21.000000    20.140000    4.838491    4.640343
202    8242408.000000    21.000000    21.020000    4.705466    4.709947
203    8365427.000000    19.000000    19.370000    4.750630    4.843142
204    8489664.000000    20.000000    19.970000    4.676330    4.669315
205    8615125.000000    20.000000    20.070000    4.721792    4.738319
206    8741816.000000    20.000000    20.010000    4.805596    4.807999
207    8869743.000000    20.000000    20.170000    4.837242    4.878359
208    8998912.000000    23.000000    22.950000    4.313204    4.303827
209    9129329.000000    19.000000    18.730000    4.874175    4.804910
210    9261000.000000    19.000000    18.980000    4.879347    4.874211
211    9393931.000000    20.000000    19.350000    4.854745    4.696966
212    9528128.000000    20.000000    19.890000    4.790411    4.764064
213    9663597.000000    20.000000    20.180000    4.788700    4.831798
214    9800344.000000    20.000000    20.270000    4.834901    4.900172
215    9938375.000000    20.000000    20.500000    4.847988    4.969188
216    10077696.000000    19.000000    18.830000    4.816743    4.773645
217    10218313.000000    19.000000    18.910000    4.863290    4.840254
218    10360232.000000    20.000000    19.520000    4.776746    4.662104
219    10503459.000000    20.000000    20.020000    4.721835    4.726557
220    10648000.000000    20.000000    19.870000    4.822949    4.791600
221    10793861.000000    20.000000    19.930000    4.874297    4.857237
222    10941048.000000    20.000000    20.290000    4.853102    4.923472
223    11089567.000000    22.000000    21.010000    4.750409    4.536641
224    11239424.000000    18.000000    18.460000    4.870823    4.995300
225    11390625.000000    18.000000    18.850000    4.834218    5.062500
226    11543176.000000    19.000000    19.040000    4.850074    4.860285
227    11697083.000000    20.000000    19.470000    4.806197    4.678833
228    11852352.000000    20.000000    19.690000    4.815582    4.740941
229    12008989.000000    20.000000    19.810000    4.849667    4.803596
230    12167000.000000    21.000000    20.460000    4.757380    4.635048
231    12326391.000000    21.000000    20.390000    4.836250    4.695768
232    12487168.000000    21.000000    20.770000    4.809694    4.757016
233    12649337.000000    19.000000    18.200000    4.865130    4.660282
234    12812904.000000    19.000000    18.890000    4.748032    4.720544
235    12977875.000000    19.000000    18.740000    4.847659    4.781322
236    13144256.000000    19.000000    19.180000    4.797174    4.842621
237    13312053.000000    20.000000    19.670000    4.737385    4.659219
238    13481272.000000    20.000000    19.790000    4.768515    4.718445
239    13651919.000000    20.000000    19.820000    4.821566    4.778172
240    13824000.000000    22.000000    21.960000    4.406557    4.398545
241    13997521.000000    20.000000    20.360000    4.812507    4.899132
242    14172488.000000    20.000000    20.500000    4.839386    4.960371
243    14348907.000000    18.000000    17.750000    4.850335    4.782969
244    14526784.000000    19.000000    18.240000    4.778547    4.587405
245    14706125.000000    18.000000    18.260000    4.832243    4.902042
246    14886936.000000    19.000000    18.430000    4.846534    4.701138
247    15069223.000000    19.000000    18.800000    4.809326    4.758702
248    15252992.000000    19.000000    18.900000    4.842220    4.816734
249    15438249.000000    20.000000    19.100000    4.849712    4.631475
250    15625000.000000    20.000000    19.580000    4.788049    4.687500
251    15813251.000000    20.000000    20.430000    4.644127    4.743975
252    16003008.000000    20.000000    20.010000    4.798503    4.800902
253    16194277.000000    21.000000    21.070000    4.611564    4.626936
254    16387064.000000    21.000000    20.880000    4.708926    4.682018
255    16581375.000000    23.000000    22.480000    4.425634    4.325576
256    16777216.000000    17.000000    17.170000    4.885619    4.934475
257    16974593.000000    18.000000    17.970000    4.723036    4.715165
258    17173512.000000    18.000000    17.740000    4.840336    4.770420
259    17373979.000000    18.000000    17.980000    4.831474    4.826105
260    17576000.000000    18.000000    18.610000    4.722192    4.882222
261    17779581.000000    19.000000    18.390000    4.834035    4.678837
262    17984728.000000    19.000000    18.530000    4.852868    4.732823
263    18191447.000000    19.000000    18.900000    4.812552    4.787223
264    18399744.000000    19.000000    19.030000    4.834405    4.842038
265    18609625.000000    20.000000    19.610000    4.744932    4.652406
266    18821096.000000    20.000000    20.360000    4.622077    4.705274
267    19034163.000000    20.000000    19.670000    4.838374    4.758541
268    19248832.000000    20.000000    20.020000    4.807401    4.812208
269    19465109.000000    21.000000    20.580000    4.729132    4.634550
270    19683000.000000    20.000000    20.260000    4.857601    4.920750
271    19902511.000000    20.000000    20.580000    4.835401    4.975628
272    20123648.000000    17.000000    16.900000    4.762994    4.734976
273    20346417.000000    17.000000    16.840000    4.832878    4.787392
274    20570824.000000    17.000000    16.980000    4.845895    4.840194
275    20796875.000000    18.000000    17.370000    4.789148    4.621528
276    21024576.000000    17.000000    17.470000    4.813870    4.946959
277    21253933.000000    17.000000    17.530000    4.849728    5.000925
278    21484952.000000    18.000000    18.220000    4.716784    4.774434
279    21717639.000000    18.000000    17.950000    4.839585    4.826142
280    21952000.000000    18.000000    18.050000    4.864709    4.878222
281    22188041.000000    19.000000    18.430000    4.815636    4.671167
282    22425768.000000    19.000000    18.660000    4.807239    4.721214
283    22665187.000000    19.000000    19.050000    4.759094    4.771618
284    22906304.000000    19.000000    19.050000    4.809723    4.822380
285    23149125.000000    20.000000    19.720000    4.695563    4.629825
286    23393656.000000    19.000000    19.330000    4.840901    4.924980
287    23639903.000000    19.000000    19.700000    4.799980    4.976822
288    23887872.000000    20.000000    19.650000    4.862671    4.777574
289    24137569.000000    20.000000    19.780000    4.881207    4.827514
290    24389000.000000    20.000000    20.320000    4.800984    4.877800
291    24642171.000000    20.000000    20.400000    4.831798    4.928434
292    24897088.000000    20.000000    20.670000    4.818014    4.979418
293    25153757.000000    16.000000    15.780000    4.782083    4.716329
294    25412184.000000    17.000000    16.840000    4.527111    4.484503
295    25672375.000000    17.000000    16.130000    4.774775    4.530419
296    25934336.000000    17.000000    16.140000    4.820509    4.576648
297    26198073.000000    17.000000    16.490000    4.766175    4.623189
298    26463592.000000    16.000000    16.590000    4.785460    4.961924
299    26730899.000000    17.000000    16.940000    4.733925    4.717217
300    27000000.000000    17.000000    16.710000    4.847397    4.764706
