2    8.000000    29.000000    29.520000    1.829268    1.862069
3    27.000000    29.000000    28.190000    1.915573    1.862069
4    64.000000    27.000000    27.420000    1.969365    2.000000
5    125.000000    27.000000    27.180000    1.986755    2.000000
6    216.000000    28.000000    27.260000    1.980924    1.928571
7    343.000000    27.000000    27.150000    1.988945    1.999995
8    512.000000    27.000000    26.890000    2.008167    1.999986
9    729.000000    27.000000    27.380000    1.972241    1.999998
10    1000.000000    27.000000    27.310000    1.977298    2.000000
11    1331.000000    28.000000    27.250000    1.981603    1.928524
12    1728.000000    27.000000    27.430000    1.968647    2.000000
13    2197.000000    27.000000    27.250000    1.981573    1.999921
14    2744.000000    26.000000    26.960000    2.002937    2.076891
15    3375.000000    27.000000    26.910000    2.006689    2.000000
16    4096.000000    27.000000    27.040000    1.996951    1.999910
17    4913.000000    28.000000    27.030000    1.997735    1.928528
18    5832.000000    27.000000    27.560000    1.959307    1.999944
19    6859.000000    28.000000    27.730000    1.947135    1.928359
20    8000.000000    28.000000    28.080000    1.923077    1.928571
21    9261.000000    28.000000    28.280000    1.909181    1.928273
22    10648.000000    29.000000    28.950000    1.865147    1.861931
23    12167.000000    30.000000    29.290000    1.843535    1.799905
24    13824.000000    29.000000    29.290000    1.843515    1.861950
25    15625.000000    29.000000    29.120000    1.854396    1.862069
26    17576.000000    31.000000    30.930000    1.745667    1.741725
27    19683.000000    30.000000    29.600000    1.824002    1.799682
28    21952.000000    29.000000    29.490000    1.830450    1.861378
29    24389.000000    30.000000    29.220000    1.847955    1.799908
30    27000.000000    29.000000    29.230000    1.847417    1.862069
31    29791.000000    29.000000    29.180000    1.849941    1.861424
32    32768.000000    29.000000    29.130000    1.852691    1.860996
33    35937.000000    30.000000    29.230000    1.846643    1.799246
34    39304.000000    29.000000    29.000000    1.860841    1.860841
35    42875.000000    29.000000    29.110000    1.854333    1.861366
36    46656.000000    29.000000    29.170000    1.850565    1.861414
37    50653.000000    29.000000    29.030000    1.860010    1.861934
38    54872.000000    31.000000    30.730000    1.757047    1.741743
39    59319.000000    29.000000    29.500000    1.829840    1.861389
40    64000.000000    30.000000    29.370000    1.836977    1.798400
41    68921.000000    29.000000    29.040000    1.858304    1.860867
42    74088.000000    29.000000    28.880000    1.867592    1.859864
43    79507.000000    29.000000    28.920000    1.866710    1.861560
44    85184.000000    29.000000    28.800000    1.872273    1.859361
45    91125.000000    29.000000    29.010000    1.859566    1.860207
46    97336.000000    29.000000    28.940000    1.863308    1.859453
47    103823.000000    30.000000    29.970000    1.801400    1.799599
48    110592.000000    29.000000    29.470000    1.831316    1.860996
49    117649.000000    29.000000    28.610000    1.883371    1.858043
50    125000.000000    29.000000    28.820000    1.873699    1.862069
51    132651.000000    29.000000    28.700000    1.881148    1.861688
52    140608.000000    30.000000    30.390000    1.776685    1.799782
53    148877.000000    29.000000    28.550000    1.887687    1.858396
54    157464.000000    29.000000    28.720000    1.875094    1.856989
55    166375.000000    31.000000    30.880000    1.745644    1.738887
56    175616.000000    28.000000    28.610000    1.884450    1.925504
57    185193.000000    29.000000    28.610000    1.883648    1.858316
58    195112.000000    30.000000    29.490000    1.826074    1.795030
59    205379.000000    29.000000    28.850000    1.865140    1.855493
60    216000.000000    30.000000    29.980000    1.801201    1.800000
61    226981.000000    34.000000    34.090000    1.578014    1.582191
62    238328.000000    32.000000    31.560000    1.706658    1.683191
63    250047.000000    28.000000    28.590000    1.880381    1.920004
64    262144.000000    28.000000    28.390000    1.892903    1.919269
65    274625.000000    29.000000    28.940000    1.859934    1.856086
66    287496.000000    29.000000    28.760000    1.869324    1.853854
67    300763.000000    29.000000    28.960000    1.858998    1.856434
68    314432.000000    31.000000    30.890000    1.740624    1.734447
69    328509.000000    29.000000    28.820000    1.869378    1.857775
70    343000.000000    29.000000    28.840000    1.867233    1.856931
71    357911.000000    30.000000    29.410000    1.825456    1.789555
72    373248.000000    29.000000    28.820000    1.864945    1.853369
73    389017.000000    30.000000    29.580000    1.814887    1.789478
74    405224.000000    30.000000    30.100000    1.790525    1.796493
75    421875.000000    29.000000    29.130000    1.853759    1.862069
76    438976.000000    30.000000    29.550000    1.827210    1.799802
77    456533.000000    30.000000    29.440000    1.829854    1.795696
78    474552.000000    29.000000    29.640000    1.809189    1.849116
79    493039.000000    32.000000    32.520000    1.652560    1.679414
80    512000.000000    30.000000    29.500000    1.822373    1.792000
81    531441.000000    30.000000    29.870000    1.796972    1.789185
82    551368.000000    29.000000    28.990000    1.844867    1.844231
83    571787.000000    30.000000    30.220000    1.778557    1.791599
84    592704.000000    32.000000    32.270000    1.671400    1.685502
85    614125.000000    29.000000    29.190000    1.830383    1.842375
86    636056.000000    30.000000    29.890000    1.787511    1.780957
87    658503.000000    31.000000    30.610000    1.764039    1.741847
88    681472.000000    32.000000    32.360000    1.663668    1.682384
89    704969.000000    30.000000    30.410000    1.761843    1.785921
90    729000.000000    30.000000    29.660000    1.818813    1.798200
91    753571.000000    30.000000    29.580000    1.808774    1.783451
92    778688.000000    31.000000    30.790000    1.745030    1.733209
93    804357.000000    33.000000    32.440000    1.661280    1.633088
94    830584.000000    31.000000    30.740000    1.756277    1.741547
95    857375.000000    30.000000    30.020000    1.770728    1.771908
96    884736.000000    30.000000    30.230000    1.785276    1.798963
97    912673.000000    33.000000    32.520000    1.655834    1.631749
98    941192.000000    31.000000    30.290000    1.771144    1.730579
99    970299.000000    31.000000    30.710000    1.737755    1.721498
100    1000000.000000    31.000000    31.240000    1.728553    1.741935
101    1030301.000000    35.000000    35.280000    1.518584    1.530733
102    1061208.000000    30.000000    29.900000    1.774595    1.768680
103    1092727.000000    31.000000    31.230000    1.714493    1.727214
104    1124864.000000    31.000000    31.450000    1.716804    1.741725
105    1157625.000000    32.000000    32.280000    1.649651    1.664086
106    1191016.000000    32.000000    31.150000    1.720569    1.674866
107    1225043.000000    33.000000    32.640000    1.651406    1.633391
108    1259712.000000    33.000000    32.540000    1.625934    1.603270
109    1295029.000000    32.000000    32.350000    1.641304    1.659256
110    1331000.000000    31.000000    31.000000    1.717419    1.717419
111    1367631.000000    31.000000    30.930000    1.724462    1.720568
112    1404928.000000    33.000000    33.600000    1.588907    1.617796
113    1442897.000000    31.000000    31.200000    1.711128    1.722167
114    1481544.000000    34.000000    34.080000    1.565011    1.568694
115    1520875.000000    32.000000    31.440000    1.693086    1.663457
116    1560896.000000    35.000000    34.170000    1.553130    1.516299
117    1601613.000000    31.000000    30.900000    1.710460    1.704943
118    1643032.000000    31.000000    30.820000    1.705938    1.696033
119    1685159.000000    34.000000    33.590000    1.605391    1.586032
120    1728000.000000    31.000000    31.830000    1.682941    1.728000
121    1771561.000000    32.000000    31.940000    1.663958    1.660838
122    1815848.000000    33.000000    32.900000    1.600596    1.595745
123    1860867.000000    34.000000    33.940000    1.590016    1.587210
124    1906624.000000    35.000000    34.930000    1.528356    1.525299
125    1953125.000000    39.000000    38.740000    1.361238    1.352163
126    2000376.000000    32.000000    32.660000    1.592461    1.625306
127    2048383.000000    32.000000    32.340000    1.646814    1.664311
128    2097152.000000    32.000000    31.810000    1.648186    1.638400
129    2146689.000000    34.000000    33.680000    1.593445    1.578448
130    2197000.000000    32.000000    31.950000    1.650329    1.647750
131    2248091.000000    33.000000    33.050000    1.632502    1.634975
132    2299968.000000    35.000000    34.400000    1.537769    1.511408
133    2352637.000000    32.000000    31.810000    1.627099    1.617438
134    2406104.000000    33.000000    32.690000    1.619281    1.604069
135    2460375.000000    33.000000    33.140000    1.559079    1.565693
136    2515456.000000    33.000000    32.580000    1.621380    1.600745
137    2571353.000000    33.000000    33.570000    1.608532    1.636316
138    2628072.000000    34.000000    33.720000    1.558762    1.545925
139    2685619.000000    34.000000    33.730000    1.592422    1.579776
140    2744000.000000    34.000000    33.850000    1.540207    1.533412
141    2803221.000000    34.000000    34.570000    1.540677    1.566506
142    2863288.000000    33.000000    32.040000    1.608589    1.561793
143    2924207.000000    33.000000    33.160000    1.587326    1.595022
144    2985984.000000    35.000000    35.340000    1.520875    1.535649
145    3048625.000000    32.000000    32.220000    1.608523    1.619582
146    3112136.000000    34.000000    33.840000    1.563425    1.556068
147    3176523.000000    33.000000    32.840000    1.547636    1.540132
148    3241792.000000    34.000000    33.480000    1.549243    1.525549
149    3307949.000000    34.000000    34.250000    1.545319    1.556682
150    3375000.000000    34.000000    33.960000    1.590106    1.588235
151    3442951.000000    33.000000    32.840000    1.572602    1.564978
152    3511808.000000    36.000000    35.430000    1.486794    1.463253
153    3581577.000000    34.000000    33.810000    1.588987    1.580107
154    3652264.000000    33.000000    32.900000    1.554155    1.549445
155    3723875.000000    34.000000    33.920000    1.536977    1.533360
156    3796416.000000    35.000000    35.010000    1.518133    1.518566
157    3869893.000000    32.000000    32.740000    1.536610    1.572144
158    3944312.000000    32.000000    32.560000    1.574817    1.602377
159    4019679.000000    34.000000    33.800000    1.546030    1.536936
160    4096000.000000    36.000000    35.560000    1.497413    1.479111
161    4173281.000000    31.000000    31.820000    1.573833    1.615464
162    4251528.000000    34.000000    33.510000    1.522481    1.500539
163    4330747.000000    34.000000    34.000000    1.528499    1.528499
164    4410944.000000    35.000000    35.080000    1.508875    1.512324
165    4492125.000000    35.000000    35.210000    1.530971    1.540157
166    4574296.000000    32.000000    31.940000    1.575368    1.572414
167    4657463.000000    34.000000    33.950000    1.509045    1.506826
168    4741632.000000    34.000000    34.140000    1.527767    1.534057
169    4826809.000000    34.000000    34.090000    1.557492    1.561615
170    4913000.000000    32.000000    31.640000    1.552781    1.535313
171    5000211.000000    32.000000    32.400000    1.543275    1.562566
172    5088448.000000    35.000000    34.610000    1.470225    1.453842
173    5177717.000000    34.000000    33.580000    1.541905    1.522858
174    5268024.000000    34.000000    34.730000    1.516851    1.549419
175    5359375.000000    36.000000    35.980000    1.489543    1.488715
176    5451776.000000    34.000000    33.150000    1.480120    1.443117
177    5545233.000000    33.000000    32.940000    1.515091    1.512336
178    5639752.000000    33.000000    33.060000    1.535323    1.538114
179    5735339.000000    36.000000    36.390000    1.418468    1.433835
180    5832000.000000    35.000000    35.800000    1.466145    1.499657
181    5929741.000000    35.000000    35.520000    1.502468    1.524791
182    6028568.000000    31.000000    31.370000    1.537410    1.555759
183    6128487.000000    33.000000    32.760000    1.496578    1.485694
184    6229504.000000    33.000000    32.910000    1.514313    1.510183
185    6331625.000000    33.000000    33.590000    1.507979    1.534939
186    6434856.000000    33.000000    33.580000    1.533021    1.559965
187    6539203.000000    35.000000    34.770000    1.504562    1.494675
188    6644672.000000    37.000000    36.960000    1.438241    1.436686
189    6751269.000000    35.000000    35.260000    1.340297    1.350254
190    6859000.000000    32.000000    32.240000    1.489237    1.500406
191    6967871.000000    34.000000    33.050000    1.475797    1.434562
192    7077888.000000    35.000000    34.700000    1.427816    1.415578
193    7189057.000000    33.000000    32.990000    1.525414    1.524951
194    7301384.000000    35.000000    35.410000    1.443369    1.460277
195    7414875.000000    35.000000    34.810000    1.491069    1.482975
196    7529536.000000    37.000000    37.220000    1.416087    1.424507
197    7645373.000000    35.000000    35.280000    1.516939    1.529075
198    7762392.000000    32.000000    32.320000    1.441038    1.455448
199    7880599.000000    32.000000    31.630000    1.494897    1.477612
200    8000000.000000    33.000000    32.970000    1.455869    1.454545
201    8120601.000000    33.000000    32.430000    1.502424    1.476473
202    8242408.000000    33.000000    33.240000    1.487799    1.498620
203    8365427.000000    35.000000    35.770000    1.403203    1.434073
204    8489664.000000    35.000000    35.830000    1.421657    1.455371
205    8615125.000000    34.000000    34.640000    1.492227    1.520316
206    8741816.000000    35.000000    35.120000    1.493477    1.498597
207    8869743.000000    36.000000    35.980000    1.479112    1.478290
208    8998912.000000    36.000000    36.560000    1.476846    1.499819
209    9129329.000000    31.000000    30.930000    1.475805    1.472472
210    9261000.000000    33.000000    33.400000    1.386377    1.403182
211    9393931.000000    33.000000    31.850000    1.474714    1.423323
212    9528128.000000    34.000000    33.880000    1.406158    1.401195
213    9663597.000000    33.000000    32.810000    1.472660    1.464181
214    9800344.000000    33.000000    33.260000    1.473293    1.484901
215    9938375.000000    33.000000    33.790000    1.470609    1.505814
216    10077696.000000    37.000000    37.010000    1.361483    1.361851
217    10218313.000000    34.000000    34.430000    1.483926    1.502693
218    10360232.000000    35.000000    34.760000    1.490252    1.480033
219    10503459.000000    36.000000    36.210000    1.450353    1.458814
220    10648000.000000    37.000000    36.990000    1.439308    1.438919
221    10793861.000000    37.000000    37.440000    1.441488    1.458630
222    10941048.000000    29.000000    29.380000    1.489591    1.509110
223    11089567.000000    31.000000    30.550000    1.451989    1.430912
224    11239424.000000    31.000000    31.110000    1.445120    1.450248
225    11390625.000000    31.000000    31.160000    1.462211    1.469758
226    11543176.000000    31.000000    31.300000    1.475166    1.489442
227    11697083.000000    33.000000    32.580000    1.436106    1.417828
228    11852352.000000    33.000000    32.870000    1.442331    1.436649
229    12008989.000000    33.000000    33.540000    1.432199    1.455635
230    12167000.000000    33.000000    32.850000    1.481522    1.474788
231    12326391.000000    33.000000    33.800000    1.458744    1.494108
232    12487168.000000    34.000000    34.170000    1.461770    1.469079
233    12649337.000000    34.000000    34.380000    1.471709    1.488157
234    12812904.000000    35.000000    34.980000    1.465169    1.464332
235    12977875.000000    36.000000    35.410000    1.466012    1.441986
236    13144256.000000    36.000000    36.460000    1.442047    1.460473
237    13312053.000000    36.000000    35.970000    1.480351    1.479117
238    13481272.000000    36.000000    36.220000    1.488821    1.497919
239    13651919.000000    29.000000    28.150000    1.454911    1.412267
240    13824000.000000    29.000000    28.920000    1.434025    1.430069
241    13997521.000000    29.000000    29.060000    1.445030    1.448019
242    14172488.000000    30.000000    29.090000    1.461583    1.417249
243    14348907.000000    31.000000    30.280000    1.421622    1.388604
244    14526784.000000    31.000000    30.900000    1.410367    1.405818
245    14706125.000000    30.000000    30.260000    1.457977    1.470613
246    14886936.000000    32.000000    31.650000    1.411084    1.395650
247    15069223.000000    32.000000    32.250000    1.401788    1.412740
248    15252992.000000    32.000000    31.830000    1.437605    1.429968
249    15438249.000000    32.000000    32.110000    1.442378    1.447336
250    15625000.000000    33.000000    32.640000    1.436121    1.420455
251    15813251.000000    34.000000    33.600000    1.411897    1.395287
252    16003008.000000    35.000000    34.500000    1.391566    1.371686
253    16194277.000000    41.000000    41.580000    1.168418    1.184947
254    16387064.000000    35.000000    35.080000    1.401402    1.404605
255    16581375.000000    35.000000    35.350000    1.407189    1.421261
256    16777216.000000    36.000000    35.960000    1.399657    1.398101
257    16974593.000000    36.000000    36.480000    1.395937    1.414549
258    17173512.000000    35.000000    35.670000    1.444366    1.472015
259    17373979.000000    37.000000    36.640000    1.422542    1.408701
260    17576000.000000    39.000000    38.700000    1.362481    1.352000
261    17779581.000000    38.000000    37.170000    1.434994    1.403651
262    17984728.000000    38.000000    37.410000    1.442240    1.419847
263    18191447.000000    26.000000    26.110000    1.393447    1.399342
264    18399744.000000    27.000000    26.500000    1.388660    1.362944
265    18609625.000000    27.000000    26.330000    1.413568    1.378491
266    18821096.000000    27.000000    26.680000    1.410877    1.394155
267    19034163.000000    27.000000    27.390000    1.389862    1.409938
268    19248832.000000    29.000000    28.510000    1.350321    1.327506
269    19465109.000000    28.000000    27.650000    1.407964    1.390365
270    19683000.000000    28.000000    27.780000    1.417063    1.405929
271    19902511.000000    29.000000    28.510000    1.396178    1.372587
272    20123648.000000    29.000000    29.230000    1.376917    1.387838
273    20346417.000000    29.000000    28.950000    1.405625    1.403201
274    20570824.000000    29.000000    29.200000    1.408961    1.418678
275    20796875.000000    30.000000    29.900000    1.391095    1.386458
276    21024576.000000    31.000000    30.950000    1.358616    1.356424
277    21253933.000000    30.000000    30.370000    1.399666    1.416929
278    21484952.000000    31.000000    30.980000    1.387021    1.386126
279    21717639.000000    32.000000    31.750000    1.368040    1.357352
280    21952000.000000    32.000000    32.140000    1.366024    1.372000
281    22188041.000000    31.000000    31.740000    1.398112    1.431487
282    22425768.000000    32.000000    32.140000    1.395505    1.401611
283    22665187.000000    33.000000    33.180000    1.366196    1.373648
284    22906304.000000    35.000000    35.090000    1.305574    1.308932
285    23149125.000000    34.000000    33.610000    1.377514    1.361713
286    23393656.000000    33.000000    33.820000    1.383421    1.417797
287    23639903.000000    35.000000    34.870000    1.355888    1.350852
288    23887872.000000    35.000000    34.930000    1.367757    1.365021
289    24137569.000000    35.000000    35.050000    1.377322    1.379290
290    24389000.000000    36.000000    35.840000    1.360993    1.354944
291    24642171.000000    37.000000    36.080000    1.365974    1.332009
292    24897088.000000    37.000000    37.820000    1.316610    1.345789
293    25153757.000000    37.000000    36.500000    1.378288    1.359663
294    25412184.000000    37.000000    36.750000    1.382976    1.373632
295    25672375.000000    38.000000    38.570000    1.331209    1.351178
296    25934336.000000    38.000000    38.020000    1.364247    1.364965
297    26198073.000000    38.000000    38.570000    1.358469    1.378846
298    26463592.000000    38.000000    38.310000    1.381550    1.392821
299    26730899.000000    42.000000    39.750000    1.344951    1.272900
300    27000000.000000    40.000000    40.040000    1.348651    1.350000
