2    8.000000    44.000000    43.440000    4.604052    4.545455
3    27.000000    42.000000    42.420000    4.714757    4.761904
4    64.000000    41.000000    40.820000    4.899559    4.878049
5    125.000000    41.000000    40.840000    4.897160    4.878049
6    216.000000    41.000000    40.780000    4.904360    4.878044
7    343.000000    40.000000    40.140000    4.982558    4.999997
8    512.000000    40.000000    40.130000    4.983803    5.000000
9    729.000000    41.000000    40.080000    4.990012    4.878041
10    1000.000000    40.000000    40.020000    4.997501    5.000000
11    1331.000000    40.000000    40.100000    4.987499    4.999968
12    1728.000000    40.000000    39.720000    5.035215    4.999968
13    2197.000000    40.000000    40.050000    4.993745    4.999988
14    2744.000000    40.000000    39.840000    5.020060    4.999980
15    3375.000000    39.000000    39.910000    5.011253    5.128183
16    4096.000000    40.000000    39.920000    5.010007    4.999987
17    4913.000000    40.000000    39.770000    5.028876    4.999960
18    5832.000000    40.000000    39.820000    5.022521    4.999919
19    6859.000000    40.000000    39.750000    5.031314    4.999868
20    8000.000000    40.000000    39.620000    5.047956    5.000000
21    9261.000000    39.000000    39.560000    5.055392    5.127982
22    10648.000000    40.000000    40.110000    4.986057    4.999768
23    12167.000000    40.000000    39.890000    5.013512    4.999724
24    13824.000000    41.000000    40.220000    4.972447    4.877849
25    15625.000000    39.000000    39.680000    5.040323    5.128205
26    17576.000000    40.000000    40.130000    4.983735    4.999933
27    19683.000000    40.000000    40.360000    4.955376    4.999974
28    21952.000000    40.000000    39.730000    5.033544    4.999568
29    24389.000000    40.000000    39.760000    5.029925    4.999745
30    27000.000000    39.000000    39.740000    5.032436    5.127923
31    29791.000000    40.000000    39.660000    5.042536    4.999675
32    32768.000000    40.000000    39.550000    5.056463    4.999578
33    35937.000000    39.000000    39.660000    5.042597    5.127933
34    39304.000000    40.000000    39.650000    5.043600    4.999469
35    42875.000000    40.000000    39.610000    5.048447    4.999225
36    46656.000000    40.000000    39.740000    5.031898    4.999190
37    50653.000000    39.000000    39.660000    5.042311    5.127642
38    54872.000000    41.000000    40.420000    4.946897    4.876916
39    59319.000000    40.000000    40.180000    4.976714    4.999109
40    64000.000000    40.000000    40.010000    4.998750    5.000000
41    68921.000000    40.000000    39.740000    5.031198    4.998496
42    74088.000000    40.000000    39.840000    5.019164    4.999088
43    79507.000000    40.000000    39.860000    5.016561    4.999003
44    85184.000000    40.000000    39.910000    5.009442    4.998171
45    91125.000000    40.000000    40.330000    4.957308    4.998206
46    97336.000000    41.000000    40.490000    4.937717    4.876296
47    103823.000000    40.000000    40.440000    4.944686    4.999077
48    110592.000000    40.000000    40.030000    4.995012    4.998758
49    117649.000000    41.000000    40.270000    4.963637    4.875260
50    125000.000000    40.000000    40.320000    4.960317    5.000000
51    132651.000000    40.000000    40.450000    4.942029    4.997626
52    140608.000000    41.000000    40.380000    4.951574    4.876697
53    148877.000000    40.000000    40.210000    4.972440    4.998545
54    157464.000000    41.000000    40.530000    4.934105    4.877543
55    166375.000000    42.000000    41.710000    4.794600    4.761494
56    175616.000000    40.000000    40.410000    4.945583    4.996275
57    185193.000000    45.000000    44.430000    4.497485    4.440517
58    195112.000000    40.000000    40.690000    4.914962    4.999745
59    205379.000000    41.000000    40.790000    4.899087    4.873994
60    216000.000000    42.000000    41.610000    4.801730    4.757143
61    226981.000000    43.000000    42.720000    4.680952    4.650471
62    238328.000000    42.000000    42.080000    4.751834    4.760886
63    250047.000000    41.000000    41.020000    4.870491    4.872867
64    262144.000000    41.000000    40.280000    4.959129    4.872042
65    274625.000000    40.000000    40.360000    4.953593    4.998175
66    287496.000000    41.000000    40.730000    4.905714    4.873408
67    300763.000000    41.000000    40.750000    4.900776    4.870893
68    314432.000000    41.000000    41.160000    4.858570    4.877531
69    328509.000000    41.000000    40.430000    4.940229    4.871548
70    343000.000000    41.000000    40.860000    4.894004    4.877293
71    357911.000000    40.000000    40.780000    4.897360    4.992858
72    373248.000000    40.000000    40.440000    4.937875    4.992192
73    389017.000000    41.000000    40.720000    4.910480    4.876945
74    405224.000000    41.000000    40.610000    4.919365    4.872572
75    421875.000000    40.000000    40.560000    4.930196    4.999219
76    438976.000000    41.000000    40.630000    4.915926    4.871563
77    456533.000000    41.000000    40.980000    4.879489    4.877109
78    474552.000000    41.000000    40.880000    4.887143    4.872839
79    493039.000000    42.000000    42.180000    4.734016    4.754305
80    512000.000000    41.000000    40.560000    4.923077    4.870244
81    531441.000000    41.000000    40.440000    4.941192    4.873703
82    551368.000000    40.000000    40.450000    4.934369    4.989880
83    571787.000000    41.000000    40.810000    4.889823    4.867163
84    592704.000000    41.000000    40.600000    4.919735    4.871738
85    614125.000000    41.000000    41.240000    4.839734    4.868064
86    636056.000000    41.000000    40.670000    4.910784    4.871258
87    658503.000000    41.000000    41.350000    4.825306    4.866498
88    681472.000000    42.000000    42.600000    4.687120    4.754078
89    704969.000000    43.000000    42.530000    4.690953    4.639680
90    729000.000000    41.000000    40.640000    4.915010    4.871854
91    753571.000000    40.000000    40.650000    4.912578    4.992408
92    778688.000000    40.000000    40.620000    4.907536    4.983603
93    804357.000000    41.000000    40.550000    4.919372    4.865379
94    830584.000000    41.000000    40.420000    4.931721    4.861955
95    857375.000000    40.000000    40.430000    4.941093    4.994209
96    884736.000000    42.000000    41.420000    4.827386    4.760722
97    912673.000000    41.000000    41.410000    4.826742    4.875009
98    941192.000000    41.000000    40.610000    4.913388    4.866651
99    970299.000000    41.000000    40.850000    4.893062    4.875161
100    1000000.000000    41.000000    40.670000    4.917630    4.878049
101    1030301.000000    43.000000    42.910000    4.658084    4.648335
102    1061208.000000    41.000000    40.830000    4.886287    4.866027
103    1092727.000000    41.000000    40.550000    4.931419    4.877294
104    1124864.000000    41.000000    40.500000    4.916072    4.856120
105    1157625.000000    41.000000    41.380000    4.811781    4.856378
106    1191016.000000    41.000000    40.440000    4.918390    4.851212
107    1225043.000000    41.000000    40.740000    4.901375    4.870293
108    1259712.000000    40.000000    40.140000    4.958508    4.975862
109    1295029.000000    41.000000    40.590000    4.913389    4.864255
110    1331000.000000    41.000000    40.480000    4.932065    4.869512
111    1367631.000000    40.000000    40.680000    4.908410    4.991853
112    1404928.000000    41.000000    41.230000    4.838704    4.865848
113    1442897.000000    41.000000    40.480000    4.918967    4.856580
114    1481544.000000    40.000000    40.080000    4.953266    4.963172
115    1520875.000000    41.000000    40.440000    4.926672    4.859381
116    1560896.000000    45.000000    45.150000    4.425132    4.439882
117    1601613.000000    41.000000    40.320000    4.925596    4.843903
118    1643032.000000    40.000000    40.240000    4.940529    4.970172
119    1685159.000000    42.000000    41.330000    4.811245    4.734494
120    1728000.000000    40.000000    40.170000    4.946975    4.968000
121    1771561.000000    40.000000    40.000000    4.960371    4.960371
122    1815848.000000    41.000000    40.580000    4.922210    4.871787
123    1860867.000000    42.000000    41.180000    4.835181    4.740780
124    1906624.000000    40.000000    40.470000    4.899651    4.957222
125    1953125.000000    42.000000    41.930000    4.751222    4.743304
126    2000376.000000    42.000000    41.790000    4.738866    4.715172
127    2048383.000000    40.000000    40.410000    4.916930    4.967329
128    2097152.000000    40.000000    40.280000    4.946113    4.980736
129    2146689.000000    41.000000    41.060000    4.862204    4.869319
130    2197000.000000    40.000000    40.390000    4.949913    4.998175
131    2248091.000000    41.000000    40.330000    4.905331    4.825171
132    2299968.000000    41.000000    41.410000    4.776558    4.824323
133    2352637.000000    40.000000    40.510000    4.936414    4.999354
134    2406104.000000    40.000000    40.390000    4.944457    4.992666
135    2460375.000000    41.000000    40.510000    4.919535    4.860741
136    2515456.000000    41.000000    40.750000    4.876590    4.846854
137    2571353.000000    41.000000    40.340000    4.908135    4.829126
138    2628072.000000    42.000000    42.060000    4.748775    4.755559
139    2685619.000000    40.000000    40.730000    4.879347    4.968395
140    2744000.000000    40.000000    40.560000    4.871006    4.939200
141    2803221.000000    40.000000    40.740000    4.885339    4.975717
142    2863288.000000    40.000000    40.030000    4.935470    4.939172
143    2924207.000000    41.000000    40.720000    4.883253    4.849904
144    2985984.000000    41.000000    40.130000    4.910913    4.806706
145    3048625.000000    40.000000    39.970000    4.957734    4.954016
146    3112136.000000    41.000000    40.510000    4.916729    4.857968
147    3176523.000000    40.000000    40.040000    4.918692    4.923611
148    3241792.000000    40.000000    40.490000    4.883905    4.943733
149    3307949.000000    46.000000    45.600000    4.352564    4.314716
150    3375000.000000    41.000000    41.140000    4.840180    4.856707
151    3442951.000000    40.000000    40.620000    4.916080    4.992279
152    3511808.000000    40.000000    40.340000    4.875093    4.916531
153    3581577.000000    40.000000    40.270000    4.891650    4.924668
154    3652264.000000    41.000000    40.740000    4.840998    4.810299
155    3723875.000000    41.000000    41.000000    4.813790    4.813790
156    3796416.000000    40.000000    39.750000    4.966381    4.935341
157    3869893.000000    41.000000    40.150000    4.915680    4.813769
158    3944312.000000    41.000000    40.640000    4.852746    4.810137
159    4019679.000000    40.000000    40.090000    4.913052    4.924107
160    4096000.000000    40.000000    40.110000    4.901720    4.915200
161    4173281.000000    39.000000    39.650000    4.946890    5.029339
162    4251528.000000    41.000000    40.730000    4.906011    4.873703
163    4330747.000000    41.000000    40.420000    4.928609    4.858887
164    4410944.000000    41.000000    40.720000    4.874570    4.841280
165    4492125.000000    41.000000    40.570000    4.871913    4.820817
166    4574296.000000    40.000000    39.950000    4.923523    4.917368
167    4657463.000000    40.000000    39.850000    4.908744    4.890336
168    4741632.000000    40.000000    40.490000    4.918462    4.978714
169    4826809.000000    40.000000    40.600000    4.874364    4.947479
170    4913000.000000    40.000000    40.160000    4.893426    4.913000
171    5000211.000000    40.000000    39.730000    4.908337    4.875206
172    5088448.000000    41.000000    40.560000    4.892738    4.840231
173    5177717.000000    41.000000    40.600000    4.846139    4.798860
174    5268024.000000    41.000000    40.730000    4.785585    4.754070
175    5359375.000000    41.000000    40.350000    4.914421    4.836509
176    5451776.000000    40.000000    39.670000    4.947415    4.906598
177    5545233.000000    41.000000    41.130000    4.853596    4.868985
178    5639752.000000    41.000000    40.850000    4.832101    4.814422
179    5735339.000000    40.000000    40.410000    4.825576    4.875038
180    5832000.000000    40.000000    40.330000    4.916638    4.957200
181    5929741.000000    40.000000    40.020000    4.889592    4.892036
182    6028568.000000    40.000000    40.420000    4.921889    4.973569
183    6128487.000000    41.000000    40.620000    4.827956    4.783209
184    6229504.000000    40.000000    40.440000    4.929380    4.983603
185    6331625.000000    40.000000    39.760000    4.936629    4.907009
186    6434856.000000    41.000000    40.530000    4.921800    4.865379
187    6539203.000000    40.000000    40.380000    4.858249    4.904402
188    6644672.000000    41.000000    40.830000    4.882198    4.861955
189    6751269.000000    40.000000    40.440000    4.841414    4.894670
190    6859000.000000    42.000000    41.590000    4.782664    4.735976
191    6967871.000000    40.000000    39.980000    4.879950    4.877510
192    7077888.000000    41.000000    40.960000    4.838400    4.833680
193    7189057.000000    40.000000    39.870000    4.868436    4.852613
194    7301384.000000    40.000000    40.360000    4.884474    4.928434
195    7414875.000000    40.000000    39.430000    4.889342    4.819669
196    7529536.000000    42.000000    41.470000    4.720712    4.661141
197    7645373.000000    40.000000    40.540000    4.903298    4.969492
198    7762392.000000    41.000000    40.420000    4.801084    4.733166
199    7880599.000000    41.000000    40.730000    4.837097    4.805243
200    8000000.000000    42.000000    41.650000    4.801921    4.761905
201    8120601.000000    41.000000    40.340000    4.831295    4.753523
202    8242408.000000    41.000000    40.860000    4.841356    4.824824
203    8365427.000000    40.000000    39.260000    4.900785    4.810121
204    8489664.000000    41.000000    41.150000    4.745134    4.762494
205    8615125.000000    41.000000    41.150000    4.815258    4.832875
206    8741816.000000    40.000000    39.500000    4.868860    4.807999
207    8869743.000000    40.000000    40.190000    4.855296    4.878359
208    8998912.000000    42.000000    41.670000    4.751045    4.713716
209    9129329.000000    39.000000    39.260000    4.883238    4.915793
210    9261000.000000    40.000000    40.020000    4.859595    4.862025
211    9393931.000000    41.000000    40.790000    4.836297    4.811526
212    9528128.000000    40.000000    39.560000    4.817052    4.764064
213    9663597.000000    40.000000    39.800000    4.856079    4.831798
214    9800344.000000    40.000000    40.280000    4.866109    4.900172
215    9938375.000000    41.000000    40.770000    4.875337    4.847988
216    10077696.000000    40.000000    39.920000    4.796499    4.786906
217    10218313.000000    40.000000    39.940000    4.860990    4.853699
218    10360232.000000    40.000000    40.850000    4.818713    4.921110
219    10503459.000000    42.000000    42.120000    4.738028    4.751565
220    10648000.000000    40.000000    39.770000    4.819311    4.791600
221    10793861.000000    40.000000    39.760000    4.886557    4.857237
222    10941048.000000    41.000000    40.340000    4.881975    4.803387
223    11089567.000000    41.000000    41.550000    4.804145    4.868590
224    11239424.000000    39.000000    38.950000    4.905525    4.899236
225    11390625.000000    40.000000    40.220000    4.814536    4.841016
226    11543176.000000    40.000000    40.560000    4.838116    4.905850
227    11697083.000000    42.000000    41.340000    4.810121    4.734534
228    11852352.000000    39.000000    39.070000    4.853791    4.862503
229    12008989.000000    43.000000    43.550000    4.412028    4.468461
230    12167000.000000    40.000000    40.340000    4.825781    4.866800
231    12326391.000000    41.000000    40.630000    4.854104    4.810299
232    12487168.000000    41.000000    41.280000    4.839988    4.873041
233    12649337.000000    40.000000    39.930000    4.751817    4.743501
234    12812904.000000    40.000000    40.320000    4.766705    4.804839
235    12977875.000000    41.000000    41.140000    4.731846    4.748003
236    13144256.000000    42.000000    41.830000    4.713455    4.694377
237    13312053.000000    42.000000    42.180000    4.734016    4.754305
238    13481272.000000    38.000000    38.800000    4.864376    4.966784
239    13651919.000000    39.000000    39.480000    4.841106    4.900689
240    13824000.000000    40.000000    39.930000    4.846882    4.838400
241    13997521.000000    40.000000    40.820000    4.800718    4.899132
242    14172488.000000    41.000000    40.740000    4.870271    4.839386
243    14348907.000000    42.000000    41.860000    4.456182    4.441328
244    14526784.000000    40.000000    39.640000    4.764082    4.721205
245    14706125.000000    40.000000    39.640000    4.822897    4.779491
246    14886936.000000    43.000000    43.410000    4.458193    4.500702
247    15069223.000000    40.000000    40.620000    4.822745    4.897497
248    15252992.000000    41.000000    40.630000    4.880357    4.836315
249    15438249.000000    38.000000    38.090000    4.863717    4.875237
250    15625000.000000    39.000000    38.840000    4.827497    4.807692
251    15813251.000000    40.000000    39.410000    4.814996    4.743975
252    16003008.000000    40.000000    39.830000    4.821393    4.800902
253    16194277.000000    43.000000    42.860000    4.534095    4.519333
254    16387064.000000    42.000000    41.990000    4.683133    4.682018
255    16581375.000000    41.000000    41.010000    4.851902    4.853085
256    16777216.000000    37.000000    37.580000    4.910840    4.987821
257    16974593.000000    40.000000    39.540000    4.722320    4.668013
258    17173512.000000    39.000000    39.080000    4.833895    4.843811
259    17373979.000000    40.000000    39.550000    4.832207    4.777844
260    17576000.000000    41.000000    41.280000    4.683527    4.715512
261    17779581.000000    40.000000    40.250000    4.859016    4.889385
262    17984728.000000    41.000000    40.480000    4.887154    4.825171
263    18191447.000000    38.000000    38.090000    4.775912    4.787223
264    18399744.000000    38.000000    37.830000    4.863797    4.842038
265    18609625.000000    39.000000    38.820000    4.793824    4.771699
266    18821096.000000    39.000000    39.300000    4.789083    4.825922
267    19034163.000000    39.000000    39.180000    4.858132    4.880555
268    19248832.000000    41.000000    40.180000    4.790650    4.694837
269    19465109.000000    40.000000    40.510000    4.805013    4.866277
270    19683000.000000    40.000000    40.750000    4.830184    4.920750
271    19902511.000000    41.000000    41.330000    4.815512    4.854271
272    20123648.000000    38.000000    37.630000    4.812990    4.766127
273    20346417.000000    38.000000    37.530000    4.879237    4.818888
274    20570824.000000    39.000000    38.400000    4.821287    4.747113
275    20796875.000000    39.000000    38.840000    4.819049    4.799279
276    21024576.000000    39.000000    38.930000    4.860549    4.851825
277    21253933.000000    40.000000    39.340000    4.862364    4.782135
278    21484952.000000    40.000000    40.240000    4.805283    4.834114
279    21717639.000000    40.000000    40.550000    4.820191    4.886469
280    21952000.000000    40.000000    40.470000    4.881838    4.939200
281    22188041.000000    41.000000    41.230000    4.843375    4.870546
282    22425768.000000    37.000000    37.280000    4.812397    4.848815
283    22665187.000000    39.000000    38.410000    4.720685    4.649269
284    22906304.000000    39.000000    38.060000    4.814778    4.698729
285    23149125.000000    38.000000    38.240000    4.842913    4.873500
286    23393656.000000    39.000000    38.650000    4.842154    4.798699
287    23639903.000000    40.000000    40.010000    4.726799    4.727981
288    23887872.000000    39.000000    39.140000    4.882549    4.900076
289    24137569.000000    41.000000    40.830000    4.729379    4.709770
290    24389000.000000    41.000000    40.450000    4.823535    4.758829
291    24642171.000000    41.000000    40.580000    4.857993    4.808228
292    24897088.000000    41.000000    41.130000    4.842614    4.857968
293    25153757.000000    36.000000    36.290000    4.851923    4.891008
294    25412184.000000    37.000000    36.960000    4.812914    4.807710
295    25672375.000000    37.000000    37.350000    4.811422    4.856936
296    25934336.000000    37.000000    37.490000    4.842367    4.906496
297    26198073.000000    39.000000    38.660000    4.743572    4.702218
298    26463592.000000    38.000000    38.450000    4.817819    4.874872
299    26730899.000000    39.000000    38.630000    4.843808    4.797854
300    27000000.000000    39.000000    39.130000    4.830054    4.846154
301    27270901.000000    40.000000    39.980000    4.774795    4.772408
302    27543608.000000    40.000000    39.890000    4.833423    4.820131
303    27818127.000000    40.000000    40.410000    4.818780    4.868172
304    28094464.000000    41.000000    40.500000    4.855833    4.796616
305    28372625.000000    41.000000    41.090000    4.833497    4.844107
306    28652616.000000    38.000000    37.340000    4.604063    4.524097
307    28934443.000000    36.000000    36.090000    4.810381    4.822407
308    29218112.000000    36.000000    36.160000    4.848138    4.869685
309    29503629.000000    37.000000    36.700000    4.823482    4.784372
310    29791000.000000    38.000000    37.990000    4.705080    4.703842
311    30080231.000000    38.000000    38.050000    4.743269    4.749510
312    30371328.000000    37.000000    37.480000    4.862006    4.925080
313    30664297.000000    38.000000    37.870000    4.858352    4.841731
314    30959144.000000    39.000000    38.570000    4.816045    4.762945
315    31255875.000000    39.000000    38.850000    4.827162    4.808596
316    31554496.000000    39.000000    39.070000    4.845840    4.854538
317    31855013.000000    40.000000    40.420000    4.728602    4.778252
318    32157432.000000    40.000000    40.230000    4.796038    4.823615
319    32461759.000000    41.000000    41.720000    4.668518    4.750501
320    32768000.000000    41.000000    40.610000    4.841369    4.795317
321    33076161.000000    43.000000    42.220000    4.700544    4.615278
322    33386248.000000    36.000000    35.920000    4.647306    4.636979
323    33698267.000000    35.000000    35.490000    4.747572    4.814038
324    34012224.000000    36.000000    36.070000    4.714752    4.723920
325    34328125.000000    35.000000    35.320000    4.859587    4.904018
326    34645976.000000    36.000000    35.790000    4.840175    4.811941
327    34965783.000000    37.000000    36.260000    4.821537    4.725106
328    35287552.000000    37.000000    37.020000    4.766012    4.768588
329    35611289.000000    39.000000    37.990000    4.686929    4.565550
330    35937000.000000    37.000000    37.280000    4.819877    4.856351
331    36264691.000000    38.000000    38.120000    4.756649    4.771670
332    36594368.000000    38.000000    37.770000    4.844370    4.815048
333    36926037.000000    38.000000    38.210000    4.831986    4.858689
334    37259704.000000    40.000000    39.270000    4.744042    4.657463
335    37595375.000000    39.000000    39.080000    4.810053    4.819920
336    37933056.000000    39.000000    39.090000    4.852015    4.863212
337    38272753.000000    40.000000    39.490000    4.845879    4.784094
338    38614472.000000    40.000000    40.010000    4.825603    4.826809
339    38958219.000000    41.000000    40.590000    4.798992    4.751002
340    39304000.000000    41.000000    40.910000    4.803715    4.793171
341    39651821.000000    41.000000    41.170000    4.815621    4.835588
342    40001688.000000    33.000000    33.030000    4.844286    4.848689
343    40353607.000000    33.000000    33.250000    4.854569    4.891346
344    40707584.000000    34.000000    33.720000    4.828895    4.789128
345    41063625.000000    35.000000    35.150000    4.672959    4.692986
346    41421736.000000    35.000000    34.730000    4.770715    4.733913
347    41781923.000000    35.000000    34.900000    4.788759    4.775077
348    42144192.000000    35.000000    35.090000    4.804126    4.816479
349    42508549.000000    35.000000    35.050000    4.851190    4.858120
350    42875000.000000    36.000000    35.790000    4.791841    4.763889
351    43243551.000000    36.000000    36.140000    4.786226    4.804839
352    43614208.000000    36.000000    35.920000    4.856816    4.846023
353    43986977.000000    38.000000    37.950000    4.636309    4.630208
354    44361864.000000    37.000000    36.730000    4.831131    4.795877
355    44738875.000000    37.000000    37.410000    4.783627    4.836635
356    45118016.000000    39.000000    38.600000    4.675442    4.627489
357    45499293.000000    38.000000    37.910000    4.800770    4.789399
358    45882712.000000    39.000000    38.710000    4.741174    4.705919
359    46268279.000000    39.000000    38.850000    4.763787    4.745465
360    46656000.000000    39.000000    38.860000    4.802470    4.785231
361    47045881.000000    39.000000    39.090000    4.814109    4.825219
362    47437928.000000    41.000000    40.940000    4.634873    4.628091
363    47832147.000000    40.000000    39.910000    4.794001    4.783215
364    48228544.000000    40.000000    40.550000    4.757440    4.822854
365    48627125.000000    41.000000    40.300000    4.826514    4.744110
366    49027896.000000    41.000000    41.000000    4.783209    4.783209
367    49430863.000000    41.000000    41.110000    4.809619    4.822523
368    49836032.000000    42.000000    41.050000    4.856130    4.746289
369    50243409.000000    31.000000    31.380000    4.803385    4.862265
370    50653000.000000    31.000000    31.870000    4.768089    4.901903
371    51064811.000000    33.000000    32.770000    4.674838    4.642256
372    51478848.000000    35.000000    35.110000    4.398648    4.412473
373    51895117.000000    32.000000    32.550000    4.782960    4.865167
374    52313624.000000    32.000000    32.510000    4.827465    4.904402
375    52734375.000000    33.000000    33.440000    4.730955    4.794034
376    53157376.000000    33.000000    32.890000    4.848651    4.832489
377    53582633.000000    33.000000    33.510000    4.797013    4.871148
378    54010152.000000    33.000000    33.600000    4.822335    4.910014
379    54439939.000000    34.000000    33.610000    4.859263    4.803524
380    54872000.000000    34.000000    34.170000    4.817559    4.841647
381    55306341.000000    36.000000    36.040000    4.603746    4.608862
382    55742968.000000    35.000000    35.120000    4.761643    4.777969
383    56181887.000000    35.000000    35.360000    4.766563    4.815590
384    56623104.000000    36.000000    35.080000    4.842341    4.718592
385    57066625.000000    35.000000    35.700000    4.795515    4.891425
386    57512456.000000    36.000000    36.220000    4.763594    4.792705
387    57960603.000000    37.000000    36.180000    4.806020    4.699508
388    58411072.000000    37.000000    36.830000    4.757893    4.736033
389    58863869.000000    36.000000    36.280000    4.867464    4.905322
390    59319000.000000    38.000000    37.120000    4.794100    4.683079
391    59776471.000000    41.000000    41.070000    4.366433    4.373888
392    60236288.000000    38.000000    37.830000    4.776867    4.755496
393    60698457.000000    37.000000    37.400000    4.868860    4.921497
394    61162984.000000    39.000000    38.310000    4.789584    4.704845
395    61629875.000000    39.000000    38.410000    4.813580    4.740760
396    62099136.000000    39.000000    38.890000    4.790368    4.776857
397    62570773.000000    39.000000    39.050000    4.806974    4.813136
398    63044792.000000    39.000000    39.320000    4.810132    4.849599
399    63521199.000000    40.000000    39.840000    4.783223    4.764090
400    64000000.000000    40.000000    39.620000    4.846037    4.800000
