2000.000000    0.010000    0.200000
8000.000000    0.020000    0.400000
17982.000000    0.040000    0.449550
32000.000000    0.070000    0.457143
50000.000000    0.100000    0.500000
71928.000000    0.170000    0.423106
97755.000000    0.200000    0.488775
128000.000000    0.270000    0.474074
161838.000000    0.370000    0.437400
200000.000000    0.440000    0.454545
240911.000000    0.490000    0.491655
286848.000000    0.630000    0.455314
336141.000000    0.720000    0.466863
389648.000000    0.900000    0.432942
448875.000000    0.960000    0.467578
512000.000000    1.050000    0.487619
574821.000000    1.200000    0.479017
647352.000000    1.430000    0.452694
720195.000000    1.680000    0.428687
800000.000000    1.720000    0.465116
879795.000000    1.910000    0.460626
958320.000000    2.160000    0.443667
1046362.000000    2.210000    0.473467
1147392.000000    2.330000    0.492443
1250000.000000    2.660000    0.469925
1335776.000000    2.950000    0.452805
1456542.000000    3.090000    0.471373
1558592.000000    3.230000    0.482536
1658452.000000    3.630000    0.456874
1782000.000000    4.150000    0.429398
1906624.000000    4.170000    0.457224
2031616.000000    4.210000    0.482569
2156220.000000    4.630000    0.465706
2279632.000000    4.750000    0.479923
2443875.000000    5.210000    0.469074
2566080.000000    5.240000    0.489710
2735262.000000    5.870000    0.465973
2853344.000000    6.340000    0.450054
3025269.000000    6.480000    0.466862
3200000.000000    7.000000    0.457143
3308208.000000    7.330000    0.451324
3482136.000000    7.680000    0.453403
3657322.000000    7.870000    0.464717
3833280.000000    7.890000    0.485840
4009500.000000    8.640000    0.464062
4185448.000000    9.470000    0.441969
4360566.000000    9.350000    0.466371
4534272.000000    9.350000    0.484949
4705960.000000    10.150000    0.463641
5000000.000000    10.310000    0.484966
5173389.000000    10.800000    0.479017
5343104.000000    11.140000    0.479632
5508449.000000    12.020000    0.458274
5826168.000000    13.350000    0.436417
5989500.000000    13.040000    0.459317
6146560.000000    12.840000    0.478704
6481755.000000    14.140000    0.458399
6633808.000000    14.490000    0.457820
6777507.000000    14.720000    0.460428
7128000.000000    15.760000    0.452284
7263392.000000    16.630000    0.436764
7626496.000000    17.900000    0.426061
7751457.000000    17.780000    0.435965
8126464.000000    18.000000    0.451470
8238750.000000    18.000000    0.457708
8624880.000000    18.880000    0.456826
8722127.000000    18.980000    0.459543
9118528.000000    19.210000    0.474676
9198252.000000    20.090000    0.457852
9604000.000000    20.810000    0.461509
10021508.000000    21.820000    0.459281
10077696.000000    21.000000    0.479890
10503459.000000    23.090000    0.454892
10941048.000000    22.950000    0.476734
10968750.000000    23.010000    0.476695
11413325.000000    25.090000    0.454895
11413376.000000    23.980000    0.475954
11863800.000000    26.870000    0.441526
12325975.000000    28.150000    0.437868
12754584.000000    26.600000    0.479496
12800000.000000    26.930000    0.475306
13232832.000000    30.080000    0.439921
13632192.000000    31.110000    0.438193
13722888.000000    32.030000    0.428439
14124875.000000    29.660000    0.476226
14487066.000000    30.500000    0.474986
14629288.000000    33.530000    0.436304
14992384.000000    31.390000    0.477617
15509318.000000    32.610000    0.475600
15824991.000000    34.860000    0.453958
16038000.000000    33.830000    0.474076
16352448.000000    34.010000    0.480813
16891497.000000    36.950000    0.457145
17442264.000000    40.360000    0.432167
17694720.000000    36.700000    0.482145
18004875.000000    39.530000    0.455474
18253460.000000    40.200000    0.454066
18823840.000000    39.640000    0.474870
19405980.000000    40.930000    0.474126
