2    8.000000    51.000000    50.892623    0.614038    0.612745
3    27.000000    50.000000    49.243233    0.634605    0.625000
4    64.000000    49.000000    48.898105    0.639084    0.637755
5    125.000000    49.000000    49.153702    0.635761    0.637755
6    216.000000    49.000000    49.167901    0.635573    0.637751
7    343.000000    50.000000    49.220672    0.634890    0.624994
8    512.000000    49.000000    49.515660    0.631112    0.637753
9    729.000000    50.000000    49.633037    0.629607    0.624986
10    1000.000000    50.000000    50.054010    0.624326    0.625000
11    1331.000000    50.000000    50.124846    0.623428    0.624984
12    1728.000000    52.000000    51.295987    0.609193    0.600945
13    2197.000000    51.000000    51.170368    0.610665    0.612705
14    2744.000000    53.000000    52.799560    0.591836    0.589598
15    3375.000000    62.000000    61.302608    0.509752    0.504018
16    4096.000000    63.000000    62.030504    0.503758    0.496006
17    4913.000000    55.000000    54.928810    0.568858    0.568121
18    5832.000000    57.000000    56.453742    0.553513    0.548208
19    6859.000000    53.000000    53.107334    0.588424    0.589615
20    8000.000000    54.000000    53.576052    0.583246    0.578667
21    9261.000000    54.000000    53.737817    0.581464    0.578641
22    10648.000000    55.000000    54.295877    0.575389    0.568022
23    12167.000000    55.000000    54.815774    0.569998    0.568088
24    13824.000000    55.000000    54.937996    0.568682    0.568041
25    15625.000000    55.000000    55.030922    0.567863    0.568182
26    17576.000000    56.000000    55.440563    0.563352    0.557724
27    19683.000000    56.000000    55.857830    0.559222    0.557802
28    21952.000000    56.000000    56.012902    0.557688    0.557816
29    24389.000000    56.000000    56.004116    0.557857    0.557898
30    27000.000000    57.000000    56.223512    0.555622    0.548053
31    29791.000000    56.000000    56.091814    0.556605    0.557517
32    32768.000000    56.000000    56.264514    0.555020    0.557641
33    35937.000000    57.000000    56.343823    0.554262    0.547882
34    39304.000000    57.000000    56.627624    0.551792    0.548187
35    42875.000000    57.000000    56.823674    0.549296    0.547596
36    46656.000000    57.000000    57.139628    0.546256    0.547594
37    50653.000000    58.000000    57.359806    0.543974    0.537970
38    54872.000000    57.000000    57.223055    0.545622    0.547757
39    59319.000000    58.000000    57.358665    0.543977    0.537962
40    64000.000000    58.000000    57.466376    0.543483    0.538483
41    68921.000000    57.000000    57.387288    0.544044    0.547741
42    74088.000000    58.000000    57.835080    0.539310    0.537777
43    79507.000000    59.000000    58.032386    0.538428    0.529597
44    85184.000000    58.000000    57.839410    0.539033    0.537540
45    91125.000000    58.000000    57.708404    0.540038    0.537323
46    97336.000000    58.000000    58.048156    0.538258    0.538704
47    103823.000000    58.000000    57.944353    0.537531    0.537016
48    110592.000000    59.000000    58.164138    0.536189    0.528592
49    117649.000000    58.000000    58.033850    0.537221    0.537534
50    125000.000000    59.000000    58.783769    0.531609    0.529661
51    132651.000000    59.000000    58.493399    0.532932    0.528356
52    140608.000000    59.000000    58.718003    0.531608    0.529067
53    148877.000000    59.000000    58.646784    0.530554    0.527378
54    157464.000000    60.000000    59.640439    0.522764    0.519631
55    166375.000000    60.000000    59.711277    0.521043    0.518535
56    175616.000000    59.000000    58.893093    0.527804    0.526848
57    185193.000000    60.000000    58.983760    0.527474    0.518540
58    195112.000000    60.000000    60.081364    0.519594    0.520299
59    205379.000000    60.000000    59.932978    0.520875    0.520293
60    216000.000000    60.000000    59.422748    0.523436    0.518400
61    226981.000000    60.000000    60.100359    0.517408    0.518273
62    238328.000000    61.000000    61.033560    0.511538    0.511819
63    250047.000000    60.000000    59.655907    0.519744    0.516764
64    262144.000000    60.000000    59.831193    0.521386    0.519919
65    274625.000000    60.000000    59.272774    0.523556    0.517210
66    287496.000000    60.000000    59.985140    0.517621    0.517493
67    300763.000000    60.000000    59.679912    0.519079    0.516310
68    314432.000000    61.000000    61.533821    0.505881    0.510308
69    328509.000000    60.000000    60.357941    0.517055    0.520139
70    343000.000000    61.000000    60.260826    0.517965    0.511689
71    357911.000000    60.000000    60.291082    0.516465    0.518971
72    373248.000000    60.000000    59.810264    0.517964    0.516326
73    389017.000000    60.000000    59.930328    0.519292    0.518689
74    405224.000000    61.000000    60.326845    0.517220    0.511512
75    421875.000000    61.000000    60.306529    0.517668    0.511783
76    438976.000000    61.000000    60.414144    0.515894    0.510939
77    456533.000000    60.000000    60.047881    0.516991    0.517404
78    474552.000000    60.000000    59.836652    0.515501    0.514098
79    493039.000000    61.000000    61.388856    0.505979    0.509204
80    512000.000000    61.000000    60.907405    0.512778    0.512000
81    531441.000000    61.000000    60.682410    0.507949    0.505305
82    551368.000000    61.000000    60.282759    0.512196    0.506174
83    571787.000000    61.000000    60.804816    0.507797    0.506172
84    592704.000000    60.000000    59.875336    0.514746    0.513677
85    614125.000000    61.000000    60.801253    0.505027    0.503381
86    636056.000000    61.000000    61.072728    0.510322    0.510930
87    658503.000000    62.000000    61.529335    0.503006    0.499188
88    681472.000000    61.000000    61.616302    0.497697    0.502725
89    704969.000000    63.000000    62.622888    0.495324    0.492359
90    729000.000000    61.000000    60.648768    0.504841    0.501934
91    753571.000000    60.000000    60.367734    0.511803    0.514940
92    778688.000000    60.000000    60.618166    0.513831    0.519125
93    804357.000000    60.000000    60.181423    0.507890    0.509426
94    830584.000000    60.000000    60.059759    0.511684    0.512193
95    857375.000000    60.000000    60.467419    0.510448    0.514425
96    884736.000000    61.000000    61.154638    0.506352    0.507635
97    912673.000000    62.000000    61.585911    0.503863    0.500498
98    941192.000000    62.000000    61.370809    0.506093    0.500957
99    970299.000000    63.000000    63.117201    0.491935    0.492850
100    1000000.000000    61.000000    60.961814    0.508515    0.508197
101    1030301.000000    65.000000    64.678916    0.477884    0.475524
102    1061208.000000    62.000000    61.455643    0.500768    0.496371
103    1092727.000000    61.000000    60.743043    0.503701    0.501580
104    1124864.000000    60.000000    60.192831    0.504567    0.506189
105    1157625.000000    61.000000    60.198458    0.499984    0.493414
106    1191016.000000    62.000000    61.082624    0.506959    0.499458
107    1225043.000000    61.000000    60.434700    0.506763    0.502067
108    1259712.000000    60.000000    59.695877    0.506452    0.503885
109    1295029.000000    61.000000    61.375803    0.506400    0.509520
110    1331000.000000    61.000000    60.677837    0.504517    0.501852
111    1367631.000000    61.000000    60.398696    0.498154    0.493244
112    1404928.000000    62.000000    61.818767    0.499984    0.498523
113    1442897.000000    61.000000    59.962720    0.505328    0.496735
114    1481544.000000    62.000000    62.029884    0.501572    0.501813
115    1520875.000000    61.000000    60.665852    0.501394    0.498648
116    1560896.000000    62.000000    61.959320    0.503845    0.503515
117    1601613.000000    61.000000    60.280213    0.504820    0.498863
118    1643032.000000    62.000000    62.289499    0.501170    0.503510
119    1685159.000000    61.000000    60.750421    0.499303    0.497260
120    1728000.000000    63.000000    62.832871    0.495028    0.493714
121    1771561.000000    60.000000    59.736576    0.504156    0.501942
122    1815848.000000    61.000000    61.577306    0.501312    0.506056
123    1860867.000000    59.000000    59.419487    0.501079    0.504642
124    1906624.000000    62.000000    61.057749    0.499625    0.492032
125    1953125.000000    63.000000    63.258873    0.494002    0.496032
126    2000376.000000    61.000000    61.027194    0.491677    0.491896
127    2048383.000000    62.000000    61.606896    0.498739    0.495577
128    2097152.000000    59.000000    58.705335    0.500127    0.497629
129    2146689.000000    60.000000    60.224888    0.499024    0.500894
130    2197000.000000    63.000000    62.626257    0.491136    0.488222
131    2248091.000000    58.000000    58.645549    0.498336    0.503882
132    2299968.000000    61.000000    60.474206    0.494419    0.490157
133    2352637.000000    62.000000    61.533756    0.497033    0.493295
134    2406104.000000    59.000000    58.284001    0.495389    0.489377
135    2460375.000000    62.000000    61.164012    0.482710    0.476202
136    2515456.000000    61.000000    60.738732    0.496972    0.494844
137    2571353.000000    63.000000    62.304979    0.495245    0.489782
138    2628072.000000    61.000000    60.938571    0.474392    0.473915
139    2685619.000000    60.000000    59.869272    0.493439    0.492363
140    2744000.000000    61.000000    61.111099    0.493920    0.494820
141    2803221.000000    63.000000    62.264178    0.495235    0.489451
142    2863288.000000    59.000000    58.138255    0.492496    0.485303
143    2924207.000000    61.000000    60.902938    0.480142    0.479378
144    2985984.000000    61.000000    60.705277    0.491882    0.489506
145    3048625.000000    62.000000    62.050517    0.491313    0.491714
146    3112136.000000    63.000000    63.355057    0.491221    0.493990
147    3176523.000000    59.000000    58.324944    0.490163    0.484554
148    3241792.000000    61.000000    60.589866    0.481535    0.478297
149    3307949.000000    61.000000    61.072873    0.487476    0.488058
150    3375000.000000    63.000000    61.975706    0.490111    0.482143
151    3442951.000000    63.000000    63.030466    0.491612    0.491850
152    3511808.000000    59.000000    58.338069    0.481580    0.476177
153    3581577.000000    59.000000    58.554612    0.489331    0.485638
154    3652264.000000    61.000000    60.645963    0.481782    0.478985
155    3723875.000000    63.000000    62.202045    0.478939    0.472873
156    3796416.000000    63.000000    62.631536    0.484921    0.482085
157    3869893.000000    64.000000    63.775521    0.485439    0.483737
158    3944312.000000    57.000000    56.871354    0.485485    0.484389
159    4019679.000000    57.000000    57.561910    0.488826    0.493645
160    4096000.000000    60.000000    59.877877    0.478841    0.477867
161    4173281.000000    60.000000    59.884521    0.487822    0.486883
162    4251528.000000    61.000000    61.052104    0.487464    0.487880
163    4330747.000000    62.000000    61.975575    0.489148    0.488955
164    4410944.000000    63.000000    63.767244    0.484208    0.490105
165    4492125.000000    56.000000    55.820877    0.482844    0.481299
166    4574296.000000    57.000000    56.716258    0.483914    0.481505
167    4657463.000000    58.000000    57.615628    0.485021    0.481807
168    4741632.000000    60.000000    60.154625    0.472944    0.474163
169    4826809.000000    61.000000    60.805312    0.476288    0.474768
170    4913000.000000    61.000000    60.949692    0.483645    0.483246
171    5000211.000000    62.000000    61.796224    0.485487    0.483891
172    5088448.000000    65.000000    65.206146    0.468218    0.469703
173    5177717.000000    64.000000    64.268024    0.483387    0.485411
174    5268024.000000    57.000000    57.049157    0.461709    0.462107
175    5359375.000000    55.000000    55.177635    0.485647    0.487216
176    5451776.000000    56.000000    56.015665    0.486630    0.486766
177    5545233.000000    57.000000    57.386754    0.483146    0.486424
178    5639752.000000    61.000000    60.717939    0.464422    0.462275
179    5735339.000000    60.000000    59.648443    0.480762    0.477945
180    5832000.000000    60.000000    60.385472    0.482898    0.486000
181    5929741.000000    61.000000    61.190856    0.484528    0.486044
182    6028568.000000    64.000000    63.197837    0.476960    0.470982
183    6128487.000000    64.000000    64.118591    0.477903    0.478788
184    6229504.000000    64.000000    64.506753    0.482857    0.486680
185    6331625.000000    53.000000    52.768407    0.479956    0.477858
186    6434856.000000    54.000000    53.440471    0.481647    0.476656
187    6539203.000000    55.000000    54.491736    0.480014    0.475578
188    6644672.000000    56.000000    55.746926    0.476774    0.474619
189    6751269.000000    58.000000    57.321666    0.471115    0.465605
190    6859000.000000    58.000000    57.666374    0.475771    0.473034
191    6967871.000000    59.000000    58.420780    0.477082    0.472398
192    7077888.000000    60.000000    59.991659    0.471925    0.471859
193    7189057.000000    62.000000    61.742791    0.465742    0.463810
194    7301384.000000    62.000000    61.552847    0.474479    0.471057
195    7414875.000000    63.000000    62.757778    0.472603    0.470786
196    7529536.000000    65.000000    64.346634    0.468061    0.463356
197    7645373.000000    64.000000    63.873739    0.478780    0.477836
198    7762392.000000    68.000000    67.980869    0.456740    0.456611
199    7880599.000000    50.000000    49.341343    0.479148    0.472836
200    8000000.000000    50.000000    50.580415    0.474492    0.480000
201    8120601.000000    53.000000    52.298322    0.465824    0.459657
202    8242408.000000    52.000000    52.270048    0.473067    0.475524
203    8365427.000000    52.000000    52.484231    0.478168    0.482621
204    8489664.000000    53.000000    53.525067    0.475833    0.480547
205    8615125.000000    55.000000    54.436976    0.474776    0.469916
206    8741816.000000    55.000000    54.563617    0.480640    0.476826
207    8869743.000000    56.000000    55.147383    0.482511    0.475165
208    8998912.000000    60.000000    59.509356    0.453655    0.449946
209    9129329.000000    57.000000    56.874022    0.481555    0.480491
210    9261000.000000    58.000000    57.829573    0.480429    0.479017
211    9393931.000000    59.000000    58.373668    0.482783    0.477658
212    9528128.000000    61.000000    60.555568    0.472036    0.468596
213    9663597.000000    60.000000    60.184244    0.481701    0.483180
214    9800344.000000    61.000000    61.110434    0.481113    0.481984
215    9938375.000000    63.000000    63.622519    0.468625    0.473256
216    10077696.000000    63.000000    63.496924    0.476135    0.479890
217    10218313.000000    64.000000    63.764685    0.480751    0.478983
218    10360232.000000    66.000000    65.786595    0.472447    0.470920
219    10503459.000000    46.000000    46.582773    0.450959    0.456672
220    10648000.000000    46.000000    45.516813    0.467871    0.462957
221    10793861.000000    47.000000    46.578261    0.463472    0.459313
222    10941048.000000    46.000000    46.080129    0.474871    0.475698
223    11089567.000000    49.000000    48.639327    0.455992    0.452635
224    11239424.000000    48.000000    47.862049    0.469659    0.468309
225    11390625.000000    50.000000    50.357416    0.452391    0.455625
226    11543176.000000    50.000000    49.693458    0.464575    0.461727
227    11697083.000000    50.000000    50.216772    0.465864    0.467883
228    11852352.000000    52.000000    51.778302    0.457812    0.455860
229    12008989.000000    51.000000    51.147302    0.469584    0.470941
230    12167000.000000    52.000000    52.089789    0.467155    0.467962
231    12326391.000000    52.000000    52.506897    0.469515    0.474092
232    12487168.000000    55.000000    54.832640    0.455465    0.454079
233    12649337.000000    56.000000    55.790116    0.453462    0.451762
234    12812904.000000    56.000000    55.541478    0.461381    0.457604
235    12977875.000000    56.000000    56.222356    0.461662    0.463496
236    13144256.000000    59.000000    58.885523    0.446434    0.445568
237    13312053.000000    59.000000    59.305919    0.448928    0.451256
238    13481272.000000    58.000000    58.265871    0.462750    0.464871
239    13651919.000000    58.000000    58.660385    0.465456    0.470756
240    13824000.000000    59.000000    58.916157    0.469277    0.468610
241    13997521.000000    60.000000    59.735644    0.468649    0.466584
242    14172488.000000    61.000000    61.187392    0.463249    0.464672
243    14348907.000000    61.000000    61.419602    0.467242    0.470456
244    14526784.000000    64.000000    63.679125    0.456249    0.453962
245    14706125.000000    65.000000    64.019245    0.459428    0.452496
246    14886936.000000    64.000000    63.533652    0.468632    0.465217
247    15069223.000000    67.000000    67.220074    0.448355    0.449828
248    15252992.000000    65.000000    64.992981    0.469374    0.469323
249    15438249.000000    66.000000    66.404527    0.464976    0.467826
250    15625000.000000    69.000000    69.220689    0.451455    0.452899
