5    125.000000    25.000000    25.070000    3.988831    4.000000
6    216.000000    25.000000    24.790000    4.033876    3.999992
7    343.000000    24.000000    24.160000    4.139070    4.166664
8    512.000000    24.000000    24.020000    4.163187    4.166656
9    729.000000    24.000000    24.160000    4.139066    4.166660
10    1000.000000    24.000000    24.090000    4.151100    4.166667
11    1331.000000    24.000000    23.980000    4.170115    4.166640
12    1728.000000    24.000000    24.040000    4.159707    4.166640
13    2197.000000    24.000000    24.020000    4.163141    4.166610
14    2744.000000    24.000000    24.050000    4.157987    4.166650
15    3375.000000    24.000000    23.920000    4.180513    4.166578
16    4096.000000    24.000000    23.960000    4.173612    4.166656
17    4913.000000    24.000000    24.060000    4.156243    4.166633
18    5832.000000    24.000000    24.000000    4.166478    4.166478
19    6859.000000    24.000000    24.310000    4.113425    4.166557
20    8000.000000    25.000000    24.170000    4.137360    4.000000
21    9261.000000    24.000000    23.980000    4.169767    4.166292
22    10648.000000    24.000000    24.000000    4.166474    4.166474
23    12167.000000    24.000000    24.050000    4.157522    4.166184
24    13824.000000    24.000000    24.360000    4.104638    4.166208
25    15625.000000    24.000000    23.850000    4.192872    4.166667
26    17576.000000    24.000000    23.960000    4.173200    4.166244
27    19683.000000    24.000000    23.940000    4.176677    4.166235
28    21952.000000    24.000000    24.010000    4.164571    4.166307
29    24389.000000    24.000000    24.020000    4.162985    4.166454
30    27000.000000    24.000000    24.140000    4.141715    4.165875
31    29791.000000    24.000000    23.950000    4.174472    4.165775
32    32768.000000    25.000000    24.430000    4.092311    3.999007
33    35937.000000    25.000000    24.650000    4.055851    3.999069
34    39304.000000    25.000000    25.090000    3.985228    3.999575
35    42875.000000    25.000000    24.910000    4.013830    3.999380
36    46656.000000    25.000000    25.150000    3.975499    3.999352
37    50653.000000    27.000000    26.490000    3.774595    3.703297
38    54872.000000    25.000000    25.040000    3.992683    3.999071
39    59319.000000    27.000000    26.910000    3.714326    3.701945
40    64000.000000    27.000000    26.700000    3.744120    3.702519
41    68921.000000    25.000000    24.900000    4.013472    3.997418
42    74088.000000    25.000000    25.170000    3.970787    3.997788
43    79507.000000    25.000000    24.620000    4.059314    3.997612
44    85184.000000    25.000000    24.900000    4.012885    3.996833
45    91125.000000    25.000000    25.060000    3.988991    3.998565
46    97336.000000    25.000000    24.670000    4.052050    3.998563
47    103823.000000    25.000000    24.780000    4.034768    3.999262
48    110592.000000    26.000000    25.280000    3.954714    3.845199
49    117649.000000    25.000000    25.240000    3.957369    3.995360
50    125000.000000    25.000000    25.290000    3.954132    4.000000
51    132651.000000    26.000000    25.270000    3.952758    3.841777
52    140608.000000    27.000000    27.060000    3.694467    3.702677
53    148877.000000    26.000000    25.290000    3.950038    3.842172
54    157464.000000    25.000000    25.370000    3.941255    3.999586
55    166375.000000    26.000000    25.350000    3.944433    3.845822
56    175616.000000    24.000000    24.550000    4.070285    4.163563
57    185193.000000    25.000000    25.090000    3.978439    3.992761
58    195112.000000    25.000000    24.990000    3.997493    3.995894
59    205379.000000    25.000000    25.030000    3.987782    3.992568
60    216000.000000    25.000000    25.020000    3.988489    3.991680
61    226981.000000    26.000000    25.570000    3.905813    3.841217
62    238328.000000    25.000000    25.460000    3.922209    3.994377
63    250047.000000    25.000000    24.910000    4.005169    3.990750
64    262144.000000    25.000000    25.490000    3.918276    3.995075
65    274625.000000    26.000000    25.390000    3.937121    3.844750
66    287496.000000    25.000000    25.060000    3.980890    3.990444
67    300763.000000    25.000000    25.190000    3.964006    3.994133
68    314432.000000    26.000000    25.920000    3.857615    3.845745
69    328509.000000    25.000000    25.200000    3.962966    3.994669
70    343000.000000    25.000000    25.030000    3.987735    3.992520
71    357911.000000    25.000000    25.170000    3.967309    3.994287
72    373248.000000    26.000000    25.320000    3.935909    3.832970
73    389017.000000    25.000000    25.200000    3.967356    3.999095
74    405224.000000    25.000000    25.240000    3.949489    3.987404
75    421875.000000    25.000000    25.030000    3.994582    3.999375
76    438976.000000    25.000000    24.980000    3.989093    3.985902
77    456533.000000    26.000000    25.170000    3.972218    3.845413
78    474552.000000    26.000000    25.790000    3.864130    3.832920
79    493039.000000    26.000000    26.050000    3.823181    3.830534
80    512000.000000    25.000000    24.760000    4.032310    3.993600
81    531441.000000    25.000000    24.930000    4.007658    3.996436
82    551368.000000    26.000000    25.220000    3.957082    3.838370
83    571787.000000    25.000000    24.870000    4.000440    3.979638
84    592704.000000    25.000000    24.980000    3.986160    3.982971
85    614125.000000    25.000000    25.120000    3.960520    3.979530
86    636056.000000    26.000000    25.240000    3.956450    3.840800
87    658503.000000    26.000000    25.460000    3.905497    3.824383
88    681472.000000    26.000000    26.190000    3.798966    3.826727
89    704969.000000    26.000000    25.700000    3.867729    3.823101
90    729000.000000    25.000000    25.140000    3.972673    3.994920
91    753571.000000    26.000000    25.000000    3.978855    3.825822
92    778688.000000    25.000000    25.050000    3.978925    3.986883
93    804357.000000    26.000000    25.530000    3.906787    3.836164
94    830584.000000    26.000000    25.840000    3.857201    3.833465
95    857375.000000    25.000000    24.720000    4.023281    3.978220
96    884736.000000    26.000000    25.470000    3.925213    3.845199
97    912673.000000    26.000000    25.830000    3.851388    3.826206
98    941192.000000    25.000000    25.040000    3.984279    3.990654
99    970299.000000    25.000000    25.250000    3.958051    3.997632
100    1000000.000000    25.000000    25.580000    3.909304    4.000000
101    1030301.000000    26.000000    26.690000    3.744443    3.843815
102    1061208.000000    25.000000    25.500000    3.911904    3.990142
103    1092727.000000    26.000000    25.350000    3.922610    3.824545
104    1124864.000000    27.000000    26.840000    3.688079    3.666223
105    1157625.000000    28.000000    27.780000    3.583720    3.555563
106    1191016.000000    27.000000    26.570000    3.720524    3.661271
107    1225043.000000    27.000000    26.730000    3.712252    3.675129
108    1259712.000000    28.000000    27.230000    3.654691    3.554187
109    1295029.000000    27.000000    27.480000    3.628720    3.693231
110    1331000.000000    29.000000    28.740000    3.473382    3.442241
111    1367631.000000    27.000000    27.190000    3.671830    3.697669
112    1404928.000000    28.000000    27.930000    3.571425    3.562496
113    1442897.000000    27.000000    27.100000    3.673797    3.687403
114    1481544.000000    27.000000    26.370000    3.764257    3.676424
115    1520875.000000    26.000000    26.000000    3.802188    3.802188
116    1560896.000000    27.000000    27.100000    3.686249    3.699902
117    1601613.000000    27.000000    27.090000    3.665559    3.677778
118    1643032.000000    27.000000    26.580000    3.708876    3.651182
119    1685159.000000    28.000000    27.560000    3.607561    3.550871
120    1728000.000000    26.000000    26.020000    3.785396    3.788308
121    1771561.000000    27.000000    26.790000    3.703151    3.674349
122    1815848.000000    28.000000    27.450000    3.638311    3.566844
123    1860867.000000    27.000000    26.610000    3.706349    3.652813
124    1906624.000000    27.000000    27.270000    3.635660    3.672017
125    1953125.000000    29.000000    29.190000    3.412449    3.434806
126    2000376.000000    28.000000    27.980000    3.503160    3.500658
127    2048383.000000    26.000000    26.040000    3.775821    3.781630
128    2097152.000000    26.000000    25.960000    3.796847    3.791006
129    2146689.000000    27.000000    27.460000    3.596056    3.657322
130    2197000.000000    27.000000    26.930000    3.671185    3.661667
131    2248091.000000    27.000000    26.510000    3.731271    3.663556
132    2299968.000000    27.000000    27.140000    3.644017    3.662912
133    2352637.000000    26.000000    25.970000    3.804804    3.800414
134    2406104.000000    27.000000    26.470000    3.726871    3.653713
135    2460375.000000    29.000000    27.920000    3.524893    3.393621
136    2515456.000000    26.000000    25.710000    3.815744    3.773184
137    2571353.000000    27.000000    26.710000    3.658233    3.618941
138    2628072.000000    31.000000    30.380000    3.287253    3.221508
139    2685619.000000    27.000000    26.970000    3.684386    3.680293
140    2744000.000000    26.000000    26.000000    3.799385    3.799385
141    2803221.000000    25.000000    25.480000    3.850578    3.924509
142    2863288.000000    26.000000    26.230000    3.711467    3.744300
143    2924207.000000    27.000000    26.920000    3.693278    3.682335
144    2985984.000000    27.000000    26.950000    3.656307    3.649536
145    3048625.000000    27.000000    27.090000    3.601181    3.613185
146    3112136.000000    27.000000    25.990000    3.831795    3.688457
147    3176523.000000    26.000000    25.900000    3.802016    3.787393
148    3241792.000000    25.000000    25.480000    3.816867    3.890150
149    3307949.000000    27.000000    26.940000    3.683685    3.675499
150    3375000.000000    26.000000    26.000000    3.764423    3.764423
151    3442951.000000    26.000000    25.880000    3.858021    3.840215
152    3511808.000000    26.000000    26.030000    3.777588    3.781947
153    3581577.000000    26.000000    25.520000    3.789286    3.719330
154    3652264.000000    27.000000    26.990000    3.653617    3.652264
155    3723875.000000    26.000000    26.110000    3.708187    3.723875
156    3796416.000000    26.000000    26.030000    3.792041    3.796416
157    3869893.000000    26.000000    25.860000    3.741196    3.721051
158    3944312.000000    26.000000    25.840000    3.816091    3.792608
159    4019679.000000    26.000000    25.600000    3.768449    3.710473
160    4096000.000000    26.000000    26.010000    3.779469    3.780923
161    4173281.000000    26.000000    25.520000    3.761186    3.691749
162    4251528.000000    27.000000    26.080000    3.749430    3.621672
163    4330747.000000    26.000000    26.040000    3.825161    3.831045
164    4410944.000000    26.000000    26.050000    3.725173    3.732337
165    4492125.000000    27.000000    26.830000    3.683442    3.660250
166    4574296.000000    25.000000    25.470000    3.771504    3.842409
167    4657463.000000    26.000000    25.820000    3.788022    3.761797
168    4741632.000000    26.000000    26.290000    3.787534    3.829780
169    4826809.000000    26.000000    25.720000    3.753351    3.712930
170    4913000.000000    26.000000    26.780000    3.669156    3.779231
171    5000211.000000    25.000000    24.560000    3.868241    3.800160
172    5088448.000000    25.000000    25.470000    3.795858    3.867220
173    5177717.000000    27.000000    26.560000    3.703939    3.643579
174    5268024.000000    28.000000    28.880000    3.283394    3.386587
175    5359375.000000    27.000000    26.550000    3.633475    3.572917
176    5451776.000000    30.000000    30.190000    3.250479    3.271066
177    5545233.000000    27.000000    26.970000    3.700934    3.696822
178    5639752.000000    27.000000    26.830000    3.573454    3.550955
179    5735339.000000    27.000000    27.440000    3.553235    3.611139
180    5832000.000000    28.000000    27.480000    3.607860    3.540857
181    5929741.000000    26.000000    25.630000    3.701750    3.649071
182    6028568.000000    26.000000    26.190000    3.682974    3.709888
183    6128487.000000    28.000000    28.190000    3.478389    3.501993
184    6229504.000000    28.000000    27.460000    3.629718    3.559717
185    6331625.000000    26.000000    25.870000    3.671217    3.652861
186    6434856.000000    26.000000    26.490000    3.643746    3.712417
187    6539203.000000    26.000000    26.090000    3.759603    3.772617
188    6644672.000000    28.000000    27.910000    3.571124    3.559646
189    6751269.000000    28.000000    27.110000    3.486454    3.375634
190    6859000.000000    25.000000    25.450000    3.773124    3.841040
191    6967871.000000    26.000000    25.600000    3.810554    3.751931
192    7077888.000000    27.000000    26.350000    3.760548    3.670016
193    7189057.000000    24.000000    24.450000    3.822402    3.894073
194    7301384.000000    26.000000    25.120000    3.778582    3.650692
195    7414875.000000    25.000000    25.290000    3.811521    3.855735
196    7529536.000000    27.000000    26.790000    3.653750    3.625332
197    7645373.000000    27.000000    26.070000    3.812422    3.681106
198    7762392.000000    25.000000    24.940000    3.734912    3.725948
199    7880599.000000    25.000000    24.640000    3.837954    3.782688
200    8000000.000000    26.000000    26.030000    3.688052    3.692308
201    8120601.000000    26.000000    25.560000    3.812489    3.747970
202    8242408.000000    26.000000    25.900000    3.818876    3.804188
203    8365427.000000    25.000000    24.360000    3.777492    3.680788
204    8489664.000000    26.000000    25.280000    3.694078    3.591781
205    8615125.000000    25.000000    24.830000    3.816608    3.790655
206    8741816.000000    26.000000    25.720000    3.738724    3.698461
207    8869743.000000    26.000000    25.220000    3.868643    3.752584
208    8998912.000000    28.000000    28.130000    3.518949    3.535287
209    9129329.000000    24.000000    24.270000    3.761569    3.803887
210    9261000.000000    25.000000    24.570000    3.769231    3.704400
211    9393931.000000    25.000000    24.870000    3.777214    3.757572
212    9528128.000000    25.000000    25.270000    3.770529    3.811251
213    9663597.000000    25.000000    25.370000    3.809065    3.865439
214    9800344.000000    25.000000    25.740000    3.807437    3.920138
215    9938375.000000    26.000000    26.420000    3.761686    3.822452
216    10077696.000000    25.000000    24.950000    3.635241    3.627971
217    10218313.000000    24.000000    23.940000    3.841471    3.831867
218    10360232.000000    25.000000    25.000000    3.729684    3.729684
219    10503459.000000    26.000000    26.100000    3.621882    3.635813
220    10648000.000000    26.000000    25.410000    3.771429    3.685846
221    10793861.000000    25.000000    25.700000    3.779951    3.885790
222    10941048.000000    26.000000    26.190000    3.759810    3.787286
223    11089567.000000    28.000000    27.720000    3.600509    3.564504
224    11239424.000000    25.000000    23.970000    3.751164    3.596616
225    11390625.000000    25.000000    25.170000    3.620381    3.645000
226    11543176.000000    25.000000    24.870000    3.713125    3.693816
227    11697083.000000    25.000000    25.220000    3.710415    3.743067
228    11852352.000000    26.000000    25.650000    3.696640    3.646878
229    12008989.000000    25.000000    25.730000    3.733848    3.842876
230    12167000.000000    26.000000    25.720000    3.784448    3.743692
231    12326391.000000    26.000000    26.180000    3.766659    3.792736
232    12487168.000000    28.000000    27.520000    3.629991    3.567762
233    12649337.000000    24.000000    23.570000    3.756697    3.689390
234    12812904.000000    24.000000    24.240000    3.700096    3.737097
235    12977875.000000    24.000000    23.250000    3.907317    3.785214
236    13144256.000000    25.000000    24.360000    3.777085    3.680392
237    13312053.000000    25.000000    25.060000    3.718451    3.727375
238    13481272.000000    25.000000    24.860000    3.796014    3.774756
239    13651919.000000    25.000000    25.100000    3.807308    3.822537
240    13824000.000000    26.000000    25.400000    3.809764    3.721846
241    13997521.000000    26.000000    26.020000    3.765667    3.768563
242    14172488.000000    29.000000    28.410000    3.491989    3.420945
243    14348907.000000    22.000000    22.320000    3.857233    3.913338
244    14526784.000000    24.000000    23.460000    3.715290    3.631696
245    14706125.000000    23.000000    23.160000    3.809877    3.836380
246    14886936.000000    24.000000    23.250000    3.841790    3.721734
247    15069223.000000    24.000000    23.690000    3.816604    3.767306
248    15252992.000000    24.000000    23.800000    3.845292    3.813248
249    15438249.000000    24.000000    24.270000    3.816625    3.859562
250    15625000.000000    25.000000    25.580000    3.664973    3.750000
