2000.000000    0.027645    0.072346
8000.000000    0.043095    0.185636
17982.000000    0.122869    0.146351
32000.000000    0.203501    0.157247
50000.000000    0.330976    0.151068
71928.000000    0.352024    0.204327
97755.000000    0.647016    0.151086
128000.000000    0.841938    0.152030
161838.000000    1.019598    0.158727
200000.000000    1.199742    0.166703
240911.000000    1.644540    0.146491
286848.000000    1.951759    0.146969
336141.000000    2.297992    0.146276
389648.000000    1.889342    0.206235
448875.000000    3.013128    0.148973
512000.000000    3.389650    0.151048
574821.000000    4.020218    0.142983
647352.000000    4.225384    0.153205
720195.000000    4.680238    0.153880
800000.000000    5.215693    0.153383
879795.000000    5.971796    0.147325
958320.000000    5.710341    0.167822
1046362.000000    7.365051    0.142071
1147392.000000    8.051538    0.142506
1250000.000000    8.478747    0.147427
1335776.000000    9.073292    0.147221
1456542.000000    10.170936    0.143206
1558592.000000    10.962210    0.142179
1658452.000000    11.233404    0.147636
1782000.000000    8.674554    0.205428
1906624.000000    12.812125    0.148814
2031616.000000    14.127719    0.143804
2156220.000000    15.388516    0.140119
2279632.000000    15.067153    0.151298
2443875.000000    17.134096    0.142632
2566080.000000    18.011478    0.142469
2735262.000000    19.116393    0.143085
2853344.000000    18.598983    0.153414
3025269.000000    21.094623    0.143414
3200000.000000    21.509794    0.148769
3308208.000000    21.553187    0.153490
3482136.000000    22.624850    0.153908
3657322.000000    25.854308    0.141459
3833280.000000    27.529455    0.139243
4009500.000000    27.955196    0.143426
4185448.000000    24.867001    0.168313
4360566.000000    30.408760    0.143398
4534272.000000    31.944512    0.141942
4705960.000000    32.940398    0.142863
5000000.000000    34.983239    0.142926
5173389.000000    36.340000    0.142361
5343104.000000    36.645157    0.145807
5508449.000000    38.952157    0.141416
5826168.000000    39.503508    0.147485
5989500.000000    41.748438    0.143466
6146560.000000    44.210584    0.139029
6481755.000000    46.293112    0.140016
6633808.000000    46.620588    0.142294
6777507.000000    47.235672    0.143483
7128000.000000    50.081419    0.142328
7263392.000000    49.094780    0.147946
7626496.000000    37.098519    0.205574
7751457.000000    52.037792    0.148958
8126464.000000    56.504326    0.143820
8238750.000000    57.457866    0.143388
8624880.000000    60.047307    0.143635
8722127.000000    60.904620    0.143210
9118528.000000    65.585026    0.139034
9198252.000000    64.204161    0.143266
9604000.000000    63.555280    0.151113
10021508.000000    69.963329    0.143239
10077696.000000    70.544112    0.142857
10503459.000000    74.462855    0.141056
10941048.000000    76.656874    0.142728
10968750.000000    77.147510    0.142179
11413325.000000    79.704797    0.143195
11413376.000000    82.279125    0.138715
11863800.000000    77.382362    0.153314
12325975.000000    86.703495    0.142162
12754584.000000    89.702269    0.142188
12800000.000000    89.756132    0.142609
13232832.000000    89.191894    0.148364
13632192.000000    91.439262    0.149085
13722888.000000    92.637208    0.148136
14124875.000000    101.830725    0.138709
14487066.000000    102.112930    0.141873
14629288.000000    95.496533    0.153192
14992384.000000    108.172712    0.138597
15509318.000000    111.902241    0.138597
15824991.000000    112.405559    0.140785
16038000.000000    115.678616    0.138643
16352448.000000    117.879023    0.138722
16891497.000000    118.191174    0.142917
17442264.000000    104.176848    0.167429
17694720.000000    127.673983    0.138593
18004875.000000    126.003986    0.142891
18253460.000000    128.232941    0.142346
18823840.000000    133.162817    0.141360
19405980.000000    140.752409    0.137873
