100000.000000    0.602188    0.166061
200000.000000    1.225644    0.163180
300000.000000    1.798973    0.166762
400000.000000    2.392440    0.167193
500000.000000    2.998645    0.166742
600000.000000    3.579467    0.167623
700000.000000    4.175583    0.167641
800000.000000    4.770530    0.167696
900000.000000    5.387114    0.167065
1000000.000000    5.967276    0.167581
1100000.000000    6.554164    0.167832
1200000.000000    7.151022    0.167808
1300000.000000    7.748690    0.167770
1400000.000000    8.347375    0.167717
1500000.000000    8.935367    0.167872
1600000.000000    9.535302    0.167798
1700000.000000    10.134363    0.167746
1800000.000000    10.727940    0.167786
1900000.000000    11.521530    0.164909
2000000.000000    11.910869    0.167914
2100000.000000    12.506101    0.167918
2200000.000000    13.117332    0.167717
2300000.000000    13.709115    0.167772
2400000.000000    14.294955    0.167891
2500000.000000    14.887964    0.167921
2600000.000000    15.480605    0.167952
2700000.000000    16.073787    0.167975
2800000.000000    16.827374    0.166396
2900000.000000    17.277164    0.167852
3000000.000000    17.865063    0.167926
3100000.000000    18.455790    0.167969
3200000.000000    19.078801    0.167725
3300000.000000    19.654869    0.167897
3400000.000000    20.283708    0.167622
3500000.000000    20.844215    0.167912
3600000.000000    21.459207    0.167760
3700000.000000    22.136562    0.167144
3800000.000000    22.607135    0.168089
3900000.000000    23.205121    0.168066
4000000.000000    23.822766    0.167907
4100000.000000    24.382566    0.168153
4200000.000000    24.992582    0.168050
4300000.000000    25.598414    0.167979
4400000.000000    26.371388    0.166847
4500000.000000    26.797665    0.167925
4600000.000000    27.405909    0.167847
4700000.000000    27.987147    0.167934
4800000.000000    28.603997    0.167809
4900000.000000    29.350246    0.166949
5000000.000000    29.759529    0.168013
5100000.000000    30.367043    0.167945
5200000.000000    30.974646    0.167879
5300000.000000    31.693147    0.167229
5400000.000000    32.148037    0.167973
5500000.000000    32.764951    0.167862
5600000.000000    33.475343    0.167287
5700000.000000    33.952929    0.167879
5800000.000000    34.640706    0.167433
5900000.000000    35.113066    0.168029
6000000.000000    35.750621    0.167829
6100000.000000    36.309572    0.168000
6200000.000000    36.907556    0.167987
6300000.000000    37.519437    0.167913
6400000.000000    38.103482    0.167964
6500000.000000    38.703962    0.167941
