5    125.000000    31.000000    31.073242    0.321820    0.322581
6    216.000000    33.000000    32.384857    0.308784    0.303028
7    343.000000    33.000000    32.832458    0.304571    0.303025
8    512.000000    34.000000    33.425720    0.299167    0.294114
9    729.000000    34.000000    34.011780    0.294007    0.294109
10    1000.000000    35.000000    34.680878    0.288343    0.285714
11    1331.000000    35.000000    35.096222    0.284925    0.285709
12    1728.000000    36.000000    35.802154    0.279311    0.277776
13    2197.000000    36.000000    36.023560    0.277556    0.277737
14    2744.000000    37.000000    36.667359    0.272699    0.270247
15    3375.000000    37.000000    36.848449    0.271294    0.270182
16    4096.000000    37.000000    37.120880    0.269345    0.270225
17    4913.000000    38.000000    37.345581    0.267715    0.263104
18    5832.000000    38.000000    37.555786    0.266165    0.263054
19    6859.000000    38.000000    37.703003    0.265060    0.262989
20    8000.000000    38.000000    38.070648    0.262670    0.263158
21    9261.000000    38.000000    37.982605    0.263084    0.262964
22    10648.000000    39.000000    37.998016    0.263131    0.256371
23    12167.000000    38.000000    38.124450    0.262013    0.262871
24    13824.000000    38.000000    38.199982    0.261643    0.263020
25    15625.000000    39.000000    38.308441    0.261039    0.256410
26    17576.000000    39.000000    38.257202    0.260949    0.255979
27    19683.000000    39.000000    38.411255    0.260313    0.256384
28    21952.000000    38.000000    38.429291    0.259910    0.262846
29    24389.000000    39.000000    38.505676    0.259689    0.256397
30    27000.000000    39.000000    38.498840    0.259488    0.256154
31    29791.000000    39.000000    38.460633    0.259486    0.255897
32    32768.000000    39.000000    38.613891    0.258825    0.256263
33    35937.000000    39.000000    38.532288    0.259276    0.256166
34    39304.000000    42.000000    38.702301    0.257949    0.237696
35    42875.000000    39.000000    38.850922    0.257134    0.256151
36    46656.000000    39.000000    38.886719    0.256756    0.256010
37    50653.000000    39.000000    38.841003    0.256910    0.255863
38    54872.000000    40.000000    38.926545    0.256553    0.249668
39    59319.000000    39.000000    38.859650    0.256451    0.255528
40    64000.000000    40.000000    39.086731    0.255432    0.249600
41    68921.000000    40.000000    39.454163    0.253295    0.249839
42    74088.000000    40.000000    39.201446    0.253251    0.248195
43    79507.000000    40.000000    39.300842    0.252879    0.248459
44    85184.000000    40.000000    39.505676    0.252281    0.249163
45    91125.000000    40.000000    39.401855    0.252085    0.248316
46    97336.000000    40.000000    39.512481    0.251269    0.248207
47    103823.000000    40.000000    39.693482    0.251099    0.249175
48    110592.000000    40.000000    39.740905    0.250454    0.248832
49    117649.000000    39.000000    39.459442    0.250447    0.253398
50    125000.000000    40.000000    39.949372    0.250317    0.250000
51    132651.000000    40.000000    39.822113    0.249832    0.248721
52    140608.000000    40.000000    40.010468    0.249514    0.249579
53    148877.000000    40.000000    39.946564    0.249703    0.249369
54    157464.000000    40.000000    39.765259    0.249470    0.248006
55    166375.000000    40.000000    40.048981    0.249257    0.249562
56    175616.000000    40.000000    39.530854    0.248780    0.245862
57    185193.000000    40.000000    39.426727    0.248949    0.245381
58    195112.000000    40.000000    39.953369    0.249058    0.248768
59    205379.000000    39.000000    39.635528    0.248721    0.252774
60    216000.000000    41.000000    40.020325    0.248274    0.242341
61    226981.000000    40.000000    40.259643    0.248069    0.249679
62    238328.000000    40.000000    39.305725    0.248601    0.244286
63    250047.000000    40.000000    39.236359    0.248541    0.243796
64    262144.000000    40.000000    40.211944    0.247724    0.249037
65    274625.000000    41.000000    39.943665    0.247511    0.241134
66    287496.000000    39.000000    39.452484    0.247763    0.250638
67    300763.000000    41.000000    40.070709    0.247692    0.242078
68    314432.000000    39.000000    39.363587    0.247625    0.249933
69    328509.000000    40.000000    39.854462    0.247281    0.246382
70    343000.000000    40.000000    40.217315    0.247331    0.248675
71    357911.000000    40.000000    39.122039    0.247012    0.241590
72    373248.000000    40.000000    39.352173    0.246605    0.242611
73    389017.000000    40.000000    39.381470    0.246954    0.243136
74    405224.000000    40.000000    39.475067    0.246368    0.243134
75    421875.000000    40.000000    39.369842    0.246461    0.242578
76    438976.000000    40.000000    39.239166    0.246118    0.241437
77    456533.000000    39.000000    38.847474    0.246791    0.245825
78    474552.000000    41.000000    40.456696    0.246327    0.243063
79    493039.000000    40.000000    40.205292    0.245261    0.246520
80    512000.000000    40.000000    39.650726    0.245342    0.243200
81    531441.000000    39.000000    39.050934    0.244961    0.245280
82    551368.000000    41.000000    40.485321    0.245141    0.242064
83    571787.000000    40.000000    39.737427    0.244615    0.243009
84    592704.000000    39.000000    38.946839    0.243493    0.243161
85    614125.000000    41.000000    40.297790    0.243835    0.239659
86    636056.000000    39.000000    39.098725    0.244019    0.244637
87    658503.000000    41.000000    40.493652    0.243928    0.240916
88    681472.000000    40.000000    39.237946    0.243147    0.238515
89    704969.000000    41.000000    40.600647    0.243089    0.240721
90    729000.000000    39.000000    38.845367    0.243967    0.243000
91    753571.000000    41.000000    40.286713    0.243168    0.238937
92    778688.000000    39.000000    38.539795    0.242457    0.239596
93    804357.000000    40.000000    39.905853    0.241876    0.241307
94    830584.000000    41.000000    41.133423    0.242309    0.243098
95    857375.000000    39.000000    38.820038    0.242945    0.241824
96    884736.000000    40.000000    40.135040    0.242484    0.243302
97    912673.000000    38.000000    37.692200    0.242138    0.240177
98    941192.000000    39.000000    38.892456    0.241999    0.241331
99    970299.000000    41.000000    40.102020    0.241958    0.236658
100    1000000.000000    42.000000    41.314423    0.242046    0.238095
