2    8.000000    20.000000    20.046445    1.197220    1.200000
3    27.000000    20.000000    19.176202    1.251550    1.199999
4    64.000000    19.000000    18.979280    1.264537    1.263158
5    125.000000    19.000000    18.807985    1.276054    1.263158
6    216.000000    19.000000    19.095477    1.256841    1.263157
7    343.000000    19.000000    18.803918    1.276314    1.263143
8    512.000000    19.000000    18.995199    1.263477    1.263158
9    729.000000    19.000000    19.176888    1.251476    1.263127
10    1000.000000    19.000000    18.900274    1.269823    1.263158
11    1331.000000    19.000000    18.996853    1.263328    1.263119
12    1728.000000    19.000000    18.946629    1.266635    1.263077
13    2197.000000    20.000000    19.880333    1.207114    1.199892
14    2744.000000    19.000000    18.982713    1.264257    1.263107
15    3375.000000    20.000000    19.218302    1.248790    1.199981
16    4096.000000    19.000000    19.223815    1.248372    1.263077
17    4913.000000    19.000000    19.198369    1.249851    1.262900
18    5832.000000    19.000000    19.272874    1.245205    1.263088
19    6859.000000    20.000000    19.401957    1.236970    1.199982
20    8000.000000    20.000000    19.672740    1.219962    1.200000
21    9261.000000    20.000000    19.680965    1.219211    1.199763
22    10648.000000    20.000000    19.858871    1.208022    1.199497
23    12167.000000    20.000000    19.929386    1.203917    1.199666
24    13824.000000    20.000000    20.145779    1.191240    1.199923
25    15625.000000    20.000000    20.145305    1.191345    1.200000
26    17576.000000    20.000000    20.151806    1.190526    1.199562
27    19683.000000    20.000000    20.136835    1.191527    1.199679
28    21952.000000    22.000000    21.395118    1.121449    1.090615
29    24389.000000    21.000000    20.418295    1.175357    1.142799
30    27000.000000    20.000000    20.435619    1.173246    1.198800
31    29791.000000    20.000000    20.255591    1.183957    1.199088
32    32768.000000    20.000000    20.515102    1.169196    1.199309
33    35937.000000    21.000000    20.390694    1.175535    1.141428
34    39304.000000    21.000000    20.705138    1.157946    1.141688
35    42875.000000    20.000000    20.658082    1.160182    1.198356
36    46656.000000    21.000000    20.374455    1.177022    1.141961
37    50653.000000    20.000000    20.404910    1.174172    1.197943
38    54872.000000    21.000000    20.772613    1.154360    1.141860
39    59319.000000    21.000000    20.817572    1.151185    1.141185
40    64000.000000    22.000000    21.431303    1.119857    1.090909
41    68921.000000    21.000000    21.005483    1.141821    1.142119
42    74088.000000    21.000000    20.883838    1.145882    1.139544
43    79507.000000    22.000000    20.935189    1.143128    1.087800
44    85184.000000    21.000000    20.662572    1.158457    1.139843
45    91125.000000    21.000000    20.662470    1.159875    1.141232
46    97336.000000    21.000000    20.907129    1.145287    1.140222
47    103823.000000    21.000000    20.771605    1.154610    1.142053
48    110592.000000    21.000000    21.164913    1.133880    1.142784
49    117649.000000    21.000000    20.622776    1.158076    1.137274
50    125000.000000    21.000000    21.030234    1.141214    1.142857
51    132651.000000    21.000000    20.756515    1.150346    1.137009
52    140608.000000    21.000000    20.864242    1.145662    1.138255
53    148877.000000    21.000000    20.761241    1.154517    1.141390
54    157464.000000    22.000000    21.306342    1.123352    1.087933
55    166375.000000    21.000000    21.030242    1.139217    1.140857
56    175616.000000    21.000000    21.155190    1.128980    1.137323
57    185193.000000    20.000000    20.892113    1.143489    1.194495
58    195112.000000    21.000000    21.407058    1.121068    1.142799
59    205379.000000    21.000000    21.033718    1.132656    1.134474
60    216000.000000    21.000000    21.234859    1.129087    1.141714
61    226981.000000    21.000000    21.143002    1.127229    1.134905
62    238328.000000    21.000000    21.851191    1.090687    1.134895
63    250047.000000    21.000000    20.864256    1.138524    1.131165
64    262144.000000    21.000000    21.264479    1.121829    1.135957
65    274625.000000    22.000000    21.654102    1.103365    1.086017
66    287496.000000    21.000000    21.400231    1.115043    1.136294
67    300763.000000    22.000000    21.224978    1.119449    1.080013
68    314432.000000    21.000000    21.382154    1.117606    1.137944
69    328509.000000    22.000000    21.881230    1.095969    1.090053
70    343000.000000    21.000000    21.256610    1.113395    1.127000
71    357911.000000    21.000000    21.573418    1.111555    1.141907
72    373248.000000    22.000000    22.533359    1.060111    1.085812
73    389017.000000    21.000000    21.266345    1.115849    1.130002
74    405224.000000    22.000000    21.582659    1.107751    1.086737
75    421875.000000    22.000000    21.734512    1.086981    1.073864
76    438976.000000    22.000000    21.484088    1.103361    1.077487
77    456533.000000    22.000000    21.614745    1.098311    1.079078
78    474552.000000    22.000000    21.908561    1.083029    1.078527
79    493039.000000    22.000000    21.501183    1.100678    1.075721
80    512000.000000    23.000000    22.242152    1.058890    1.024000
81    531441.000000    23.000000    22.098286    1.082204    1.039776
82    551368.000000    22.000000    21.634272    1.095892    1.077674
83    571787.000000    22.000000    21.675171    1.081572    1.065603
84    592704.000000    22.000000    21.965812    1.079321    1.077644
85    614125.000000    23.000000    22.275210    1.075226    1.041342
86    636056.000000    22.000000    21.987962    1.070316    1.069731
87    658503.000000    22.000000    21.719638    1.091460    1.077550
88    681472.000000    23.000000    22.835761    1.044481    1.037023
89    704969.000000    22.000000    22.028300    1.088098    1.089498
90    729000.000000    21.000000    21.511657    1.084435    1.110857
91    753571.000000    22.000000    21.857306    1.068782    1.061850
92    778688.000000    21.000000    21.631860    1.079918    1.112411
93    804357.000000    22.000000    21.997473    1.060411    1.060289
94    830584.000000    22.000000    21.739096    1.069794    1.057107
95    857375.000000    22.000000    21.304230    1.086598    1.052233
96    884736.000000    24.000000    23.197220    1.029773    0.995328
97    912673.000000    23.000000    22.150937    1.071264    1.031717
98    941192.000000    23.000000    22.181053    1.060806    1.023035
99    970299.000000    21.000000    21.523121    1.081961    1.108913
100    1000000.000000    23.000000    22.986886    1.044074    1.043478
101    1030301.000000    22.000000    22.295275    1.062867    1.077133
102    1061208.000000    23.000000    22.431251    1.040806    1.015069
103    1092727.000000    22.000000    21.555593    1.064562    1.043058
104    1124864.000000    24.000000    23.818769    0.991745    0.984256
105    1157625.000000    22.000000    21.792564    1.062404    1.052386
106    1191016.000000    22.000000    22.343678    1.066088    1.082742
107    1225043.000000    22.000000    22.136098    1.051487    1.057992
108    1259712.000000    23.000000    22.848853    1.047516    1.040632
109    1295029.000000    23.000000    22.771262    1.023682    1.013501
110    1331000.000000    23.000000    22.758476    1.052707    1.041652
111    1367631.000000    23.000000    22.599039    1.028793    1.010858
112    1404928.000000    23.000000    23.291753    1.025418    1.038425
113    1442897.000000    22.000000    21.934356    1.052520    1.049380
114    1481544.000000    22.000000    22.365048    1.059900    1.077487
115    1520875.000000    22.000000    21.836379    1.044730    1.036960
116    1560896.000000    23.000000    22.646920    1.033847    1.017976
117    1601613.000000    22.000000    21.847365    1.026329    1.019208
118    1643032.000000    22.000000    22.058422    1.042797    1.045566
119    1685159.000000    23.000000    22.690288    1.039750    1.025749
120    1728000.000000    22.000000    22.143023    1.014496    1.021091
121    1771561.000000    23.000000    22.009260    1.046391    1.001317
122    1815848.000000    23.000000    22.587466    1.045094    1.026349
123    1860867.000000    21.000000    21.399313    1.043510    1.063353
124    1906624.000000    22.000000    22.433033    1.019902    1.039977
125    1953125.000000    23.000000    23.396720    1.001743    1.019022
126    2000376.000000    22.000000    21.864594    1.006382    1.000188
127    2048383.000000    22.000000    21.700762    1.038314    1.024191
128    2097152.000000    23.000000    23.125926    0.997524    1.002986
129    2146689.000000    23.000000    22.779200    1.036629    1.026677
130    2197000.000000    21.000000    21.072780    1.042577    1.046190
131    2248091.000000    22.000000    21.784025    1.031991    1.021860
132    2299968.000000    22.000000    22.734508    1.011664    1.045440
133    2352637.000000    24.000000    23.520922    1.000232    0.980265
134    2406104.000000    22.000000    21.231301    1.019953    0.984315
135    2460375.000000    21.000000    21.360091    1.036670    1.054446
136    2515456.000000    24.000000    23.357515    0.969243    0.943296
137    2571353.000000    23.000000    22.448686    1.030892    1.006182
138    2628072.000000    23.000000    22.966034    1.029897    1.028376
139    2685619.000000    22.000000    21.063129    1.020027    0.976589
140    2744000.000000    22.000000    21.881278    1.003232    0.997818
141    2803221.000000    25.000000    24.741724    0.906395    0.897031
142    2863288.000000    22.000000    22.533672    1.016537    1.041196
143    2924207.000000    23.000000    23.062550    1.014357    1.017115
144    2985984.000000    25.000000    24.450524    0.976988    0.955515
145    3048625.000000    21.000000    20.920142    1.020087    1.016208
146    3112136.000000    21.000000    21.349920    1.020376    1.037379
147    3176523.000000    22.000000    21.950948    1.012970    1.010712
148    3241792.000000    23.000000    22.855224    0.992882    0.986632
149    3307949.000000    23.000000    23.171631    0.999310    1.006767
150    3375000.000000    24.000000    23.546951    1.003315    0.984375
151    3442951.000000    21.000000    20.519961    1.006713    0.983700
152    3511808.000000    22.000000    21.824980    0.965446    0.957766
153    3581577.000000    21.000000    21.069430    1.019936    1.023308
154    3652264.000000    21.000000    21.601938    1.014427    1.043504
155    3723875.000000    22.000000    22.145587    1.008926    1.015602
156    3796416.000000    23.000000    22.723639    1.002414    0.990369
157    3869893.000000    24.000000    24.001884    0.967397    0.967473
158    3944312.000000    23.000000    23.531486    1.005711    1.028951
159    4019679.000000    20.000000    19.909617    1.009482    1.004920
160    4096000.000000    22.000000    21.140981    0.968735    0.930909
161    4173281.000000    21.000000    20.621837    1.011860    0.993638
162    4251528.000000    21.000000    20.896518    1.017281    1.012269
163    4330747.000000    22.000000    21.682835    0.998658    0.984261
164    4410944.000000    23.000000    22.440168    0.982823    0.958901
165    4492125.000000    23.000000    22.760810    0.986811    0.976549
166    4574296.000000    23.000000    23.101783    0.990031    0.994412
167    4657463.000000    23.000000    23.138347    1.006438    1.012492
168    4741632.000000    27.000000    26.433105    0.896912    0.878080
169    4826809.000000    19.000000    19.283029    1.001255    1.016170
170    4913000.000000    19.000000    19.409721    1.012482    1.034316
171    5000211.000000    20.000000    19.987783    1.000653    1.000042
172    5088448.000000    21.000000    20.543811    0.990751    0.969228
173    5177717.000000    22.000000    21.385015    0.968476    0.941403
174    5268024.000000    21.000000    21.379087    0.985641    1.003433
175    5359375.000000    22.000000    22.005742    0.974178    0.974432
176    5451776.000000    23.000000    22.651486    0.962723    0.948135
177    5545233.000000    22.000000    22.074892    1.004804    1.008224
178    5639752.000000    23.000000    22.450537    1.004832    0.980826
179    5735339.000000    24.000000    23.081395    0.993933    0.955890
180    5832000.000000    24.000000    23.924208    0.975079    0.972000
181    5929741.000000    24.000000    24.267542    0.977395    0.988290
182    6028568.000000    19.000000    18.218951    0.992686    0.951879
183    6128487.000000    19.000000    18.479774    0.994896    0.967656
184    6229504.000000    20.000000    19.849244    0.941523    0.934426
185    6331625.000000    19.000000    18.946958    1.002529    0.999730
186    6434856.000000    19.000000    19.292380    1.000632    1.016030
187    6539203.000000    20.000000    19.942900    0.983689    0.980880
188    6644672.000000    21.000000    20.566254    0.969258    0.949239
189    6751269.000000    22.000000    21.368526    0.947834    0.920628
190    6859000.000000    21.000000    20.970152    0.981252    0.979857
191    6967871.000000    21.000000    21.259865    0.983243    0.995410
192    7077888.000000    23.000000    22.235551    0.954942    0.923203
193    7189057.000000    22.000000    21.712185    0.993321    0.980326
194    7301384.000000    22.000000    21.891229    1.000590    0.995643
195    7414875.000000    22.000000    22.361692    0.994765    1.011119
196    7529536.000000    24.000000    23.400971    0.965285    0.941192
197    7645373.000000    24.000000    23.368182    0.981511    0.955672
198    7762392.000000    23.000000    23.747400    0.980620    1.012486
199    7880599.000000    24.000000    23.958200    0.986794    0.985075
200    8000000.000000    25.000000    25.380425    0.945611    0.960000

