2    8.000000    16.000000    15.590000    5.195638    5.062500
3    27.000000    15.000000    14.590000    5.551748    5.400000
4    64.000000    14.000000    14.610000    5.544148    5.785714
5    125.000000    14.000000    13.940000    5.810617    5.785714
6    216.000000    14.000000    13.920000    5.818966    5.785714
7    343.000000    14.000000    14.070000    5.756915    5.785699
8    512.000000    14.000000    13.880000    5.835730    5.785710
9    729.000000    14.000000    13.860000    5.844150    5.785709
10    1000.000000    14.000000    13.990000    5.789850    5.785714
11    1331.000000    14.000000    13.850000    5.848328    5.785667
12    1728.000000    14.000000    13.820000    5.861071    5.785714
13    2197.000000    14.000000    13.990000    5.789778    5.785643
14    2744.000000    14.000000    13.870000    5.839754    5.785528
15    3375.000000    14.000000    13.840000    5.852601    5.785714
16    4096.000000    13.000000    13.730000    5.899374    6.230646
17    4913.000000    14.000000    13.950000    5.806145    5.785408
18    5832.000000    14.000000    13.870000    5.839569    5.785344
19    6859.000000    14.000000    13.700000    5.912258    5.785566
20    8000.000000    14.000000    13.980000    5.793991    5.785714
21    9261.000000    14.000000    13.860000    5.843918    5.785479
22    10648.000000    14.000000    13.710000    5.908048    5.785667
23    12167.000000    14.000000    13.850000    5.848066    5.785408
24    13824.000000    14.000000    13.960000    5.801921    5.785344
25    15625.000000    13.000000    13.700000    5.912409    6.230769
26    17576.000000    14.000000    14.120000    5.735850    5.785015
27    19683.000000    14.000000    13.870000    5.839621    5.785396
28    21952.000000    14.000000    13.750000    5.889522    5.784352
29    24389.000000    14.000000    13.670000    5.925082    5.785419
30    27000.000000    14.000000    13.880000    5.835735    5.785714
31    29791.000000    14.000000    13.750000    5.888868    5.783710
32    32768.000000    13.000000    13.620000    5.944914    6.228441
33    35937.000000    14.000000    13.950000    5.804019    5.783290
34    39304.000000    14.000000    13.850000    5.845938    5.783303
35    42875.000000    14.000000    13.660000    5.929054    5.785063
36    46656.000000    14.000000    14.690000    5.513602    5.785344
37    50653.000000    14.000000    13.940000    5.810197    5.785296
38    54872.000000    15.000000    14.150000    5.723751    5.399405
39    59319.000000    14.000000    14.040000    5.767125    5.783602
40    64000.000000    14.000000    13.800000    5.866667    5.782857
41    68921.000000    13.000000    13.790000    5.872529    6.229398
42    74088.000000    14.000000    13.760000    5.885042    5.784156
43    79507.000000    14.000000    13.740000    5.890693    5.781295
44    85184.000000    14.000000    13.740000    5.889723    5.780343
45    91125.000000    13.000000    13.680000    5.915132    6.224538
46    97336.000000    14.000000    13.820000    5.859881    5.784539
47    103823.000000    15.000000    14.530000    5.573430    5.398796
48    110592.000000    13.000000    13.630000    5.939350    6.227180
49    117649.000000    14.000000    13.970000    5.794024    5.781608
50    125000.000000    14.000000    13.760000    5.886628    5.785714
51    132651.000000    14.000000    13.630000    5.936692    5.779794
52    140608.000000    14.000000    13.910000    5.822445    5.785015
53    148877.000000    14.000000    13.830000    5.856044    5.784935
54    157464.000000    14.000000    13.800000    5.864963    5.781178
55    166375.000000    14.000000    14.010000    5.771467    5.775589
56    175616.000000    14.000000    13.840000    5.849637    5.782784
57    185193.000000    14.000000    13.950000    5.801386    5.780667
58    195112.000000    13.000000    13.900000    5.825286    6.228575
59    205379.000000    14.000000    13.810000    5.859473    5.779952
60    216000.000000    14.000000    13.790000    5.873822    5.785714
61    226981.000000    14.000000    13.790000    5.859698    5.771803
62    238328.000000    14.000000    14.020000    5.762710    5.770942
63    250047.000000    14.000000    13.820000    5.844080    5.768942
64    262144.000000    14.000000    13.820000    5.842283    5.767168
65    274625.000000    14.000000    13.850000    5.829585    5.767125
66    287496.000000    14.000000    13.950000    5.791138    5.770455
67    300763.000000    14.000000    13.900000    5.820521    5.778946
68    314432.000000    14.000000    13.960000    5.788612    5.772073
69    328509.000000    14.000000    14.170000    5.703120    5.772372
70    343000.000000    14.000000    14.220000    5.692546    5.782000
71    357911.000000    14.000000    13.960000    5.794261    5.777706
72    373248.000000    14.000000    14.060000    5.760655    5.785344
73    389017.000000    14.000000    14.100000    5.738690    5.779681
74    405224.000000    14.000000    14.010000    5.755858    5.759970
75    421875.000000    14.000000    13.960000    5.802292    5.785714
76    438976.000000    14.000000    14.070000    5.740695    5.769399
77    456533.000000    14.000000    14.090000    5.735014    5.771882
78    474552.000000    14.000000    14.060000    5.737826    5.762417
79    493039.000000    15.000000    14.310000    5.650482    5.390560
80    512000.000000    14.000000    14.040000    5.761823    5.778286
81    531441.000000    14.000000    14.010000    5.765812    5.769931
82    551368.000000    14.000000    13.990000    5.754091    5.749981
83    571787.000000    14.000000    14.030000    5.746398    5.758712
84    592704.000000    14.000000    14.010000    5.753586    5.757696
85    614125.000000    14.000000    13.980000    5.754676    5.746455
86    636056.000000    15.000000    14.210000    5.684667    5.385274
87    658503.000000    14.000000    14.230000    5.691909    5.785419
88    681472.000000    15.000000    14.460000    5.561113    5.360913
89    704969.000000    14.000000    14.260000    5.635797    5.740462
90    729000.000000    14.000000    14.170000    5.710586    5.779929
91    753571.000000    14.000000    14.010000    5.755325    5.759436
92    778688.000000    14.000000    14.060000    5.759854    5.784539
93    804357.000000    14.000000    14.080000    5.712763    5.745407
94    830584.000000    14.000000    14.090000    5.718002    5.754761
95    857375.000000    14.000000    14.040000    5.740260    5.756661
96    884736.000000    14.000000    14.030000    5.738487    5.750784
97    912673.000000    14.000000    14.220000    5.648047    5.736802
98    941192.000000    14.000000    14.170000    5.712245    5.781608
99    970299.000000    15.000000    14.250000    5.651566    5.368988
100    1000000.000000    14.000000    14.110000    5.740609    5.785714
101    1030301.000000    15.000000    14.810000    5.426298    5.357565
102    1061208.000000    14.000000    14.070000    5.732183    5.760843
103    1092727.000000    14.000000    14.040000    5.759387    5.775843
104    1124864.000000    15.000000    14.400000    5.624320    5.399347
105    1157625.000000    14.000000    14.130000    5.652946    5.705438
106    1191016.000000    15.000000    14.810000    5.468541    5.399273
107    1225043.000000    14.000000    14.100000    5.734244    5.775203
108    1259712.000000    14.000000    14.020000    5.750468    5.758683
109    1295029.000000    14.000000    13.970000    5.747444    5.735128
110    1331000.000000    14.000000    13.860000    5.761905    5.704286
111    1367631.000000    14.000000    14.080000    5.730840    5.763588
112    1404928.000000    14.000000    14.070000    5.691606    5.720064
113    1442897.000000    14.000000    14.220000    5.682295    5.771588
114    1481544.000000    14.000000    13.990000    5.718612    5.714527
115    1520875.000000    14.000000    14.030000    5.745287    5.757598
116    1560896.000000    14.000000    13.900000    5.727028    5.686121
117    1601613.000000    14.000000    13.930000    5.748790    5.720046
118    1643032.000000    14.000000    14.160000    5.685633    5.750612
119    1685159.000000    15.000000    14.260000    5.672344    5.392509
120    1728000.000000    14.000000    13.750000    5.780945    5.677714
121    1771561.000000    14.000000    13.930000    5.722918    5.694303
122    1815848.000000    14.000000    14.010000    5.702877    5.706951
123    1860867.000000    14.000000    13.900000    5.756639    5.715520
124    1906624.000000    14.000000    14.030000    5.707641    5.719872
125    1953125.000000    14.000000    14.330000    5.588145    5.719866
126    2000376.000000    15.000000    14.190000    5.638833    5.334336
127    2048383.000000    14.000000    14.070000    5.677821    5.706210
128    2097152.000000    14.000000    13.900000    5.733221    5.692270
129    2146689.000000    13.000000    13.880000    5.722442    6.109807
130    2197000.000000    14.000000    13.770000    5.743791    5.649429
131    2248091.000000    14.000000    13.940000    5.805687    5.780805
132    2299968.000000    14.000000    14.340000    5.613590    5.749920
133    2352637.000000    14.000000    13.980000    5.721721    5.713547
134    2406104.000000    14.000000    13.750000    5.774650    5.671531
135    2460375.000000    14.000000    13.750000    5.725964    5.623714
136    2515456.000000    14.000000    13.920000    5.782657    5.749614
137    2571353.000000    14.000000    13.920000    5.726433    5.693710
138    2628072.000000    14.000000    14.020000    5.623549    5.631583
139    2685619.000000    16.000000    15.660000    5.144864    5.035536
140    2744000.000000    15.000000    14.820000    5.369501    5.305067
141    2803221.000000    14.000000    13.970000    5.618482    5.606442
142    2863288.000000    15.000000    15.300000    5.240004    5.344804
143    2924207.000000    15.000000    14.630000    5.396691    5.263573
144    2985984.000000    15.000000    14.550000    5.541001    5.374771
145    3048625.000000    14.000000    13.800000    5.743786    5.661732
146    3112136.000000    16.000000    15.080000    5.365752    5.057221
147    3176523.000000    17.000000    16.460000    4.824610    4.671357
148    3241792.000000    14.000000    13.860000    5.613493    5.557358
149    3307949.000000    16.000000    15.650000    5.072893    4.961924
150    3375000.000000    16.000000    15.620000    5.185659    5.062500
151    3442951.000000    14.000000    13.850000    5.717536    5.656277
152    3511808.000000    15.000000    14.590000    5.536092    5.384772
153    3581577.000000    18.000000    18.170000    4.336527    4.377483
154    3652264.000000    17.000000    16.590000    4.843268    4.726459
155    3723875.000000    14.000000    13.810000    5.662663    5.585813
156    3796416.000000    14.000000    14.180000    5.622337    5.694624
157    3869893.000000    14.000000    13.690000    5.653606    5.528419
158    3944312.000000    15.000000    14.520000    5.432937    5.259083
159    4019679.000000    18.000000    18.040000    4.456407    4.466310
160    4096000.000000    14.000000    14.150000    5.499929    5.558857
161    4173281.000000    14.000000    14.020000    5.655659    5.663739
162    4251528.000000    14.000000    14.330000    5.637057    5.769931
163    4330747.000000    14.000000    13.540000    5.757271    5.568103
164    4410944.000000    14.000000    13.880000    5.720244    5.671214
165    4492125.000000    14.000000    14.250000    5.674263    5.775589
166    4574296.000000    13.000000    13.520000    5.751704    5.981772
167    4657463.000000    14.000000    13.820000    5.729151    5.655491
168    4741632.000000    14.000000    13.760000    5.858121    5.757696
169    4826809.000000    13.000000    13.580000    5.686962    5.940688
170    4913000.000000    14.000000    13.750000    5.716945    5.614857
171    5000211.000000    14.000000    13.940000    5.739123    5.714527
172    5088448.000000    13.000000    13.370000    5.708805    5.871286
173    5177717.000000    14.000000    13.580000    5.719128    5.547554
174    5268024.000000    14.000000    14.150000    5.584478    5.644311
175    5359375.000000    14.000000    13.940000    5.766903    5.742188
176    5451776.000000    13.000000    13.400000    5.695885    5.871143
177    5545233.000000    14.000000    13.660000    5.683255    5.545233
178    5639752.000000    14.000000    13.760000    5.738120    5.639752
179    5735339.000000    14.000000    14.250000    5.634719    5.735339
180    5832000.000000    13.000000    13.280000    5.709036    5.832000
181    5929741.000000    13.000000    13.380000    5.761333    5.929741
182    6028568.000000    14.000000    13.670000    5.733093    5.597956
183    6128487.000000    14.000000    14.180000    5.618500    5.690738
184    6229504.000000    14.000000    14.000000    5.784539    5.784539
185    6331625.000000    13.000000    13.250000    5.734302    5.844577
186    6434856.000000    13.000000    13.400000    5.762558    5.939867
187    6539203.000000    14.000000    13.820000    5.678034    5.605031
188    6644672.000000    14.000000    13.990000    5.699504    5.695433
189    6751269.000000    13.000000    13.130000    5.656052    5.712612
190    6859000.000000    13.000000    13.280000    5.681401    5.803769
191    6967871.000000    13.000000    13.400000    5.719894    5.895891
192    7077888.000000    14.000000    13.700000    5.682976    5.561198
193    7189057.000000    14.000000    13.810000    5.726258    5.648545
194    7301384.000000    14.000000    14.080000    5.704206    5.736802
195    7414875.000000    13.000000    12.880000    5.756891    5.703750
196    7529536.000000    13.000000    13.590000    5.540497    5.791951
197    7645373.000000    14.000000    13.410000    5.701248    5.460981
198    7762392.000000    13.000000    13.740000    5.649485    5.971071
199    7880599.000000    14.000000    13.840000    5.694074    5.628999
200    8000000.000000    15.000000    14.100000    5.673759    5.333333
201    8120601.000000    12.000000    12.830000    5.696447    6.090451
202    8242408.000000    13.000000    13.080000    5.671382    5.706282
203    8365427.000000    13.000000    13.380000    5.626969    5.791449
204    8489664.000000    14.000000    13.670000    5.589391    5.457641
205    8615125.000000    14.000000    13.620000    5.692814    5.538295
206    8741816.000000    13.000000    13.650000    5.763835    6.052026
207    8869743.000000    14.000000    13.910000    5.738870    5.701978
208    8998912.000000    14.000000    14.480000    5.593246    5.785015
209    9129329.000000    13.000000    12.850000    5.683629    5.618049
210    9261000.000000    12.000000    12.950000    5.721081    6.174000
211    9393931.000000    13.000000    13.040000    5.763148    5.780881
212    9528128.000000    13.000000    13.480000    5.654675    5.863463
213    9663597.000000    13.000000    13.520000    5.718105    5.946829
214    9800344.000000    13.000000    13.680000    5.731195    6.030981
215    9938375.000000    13.000000    13.760000    5.778125    6.115923
216    10077696.000000    14.000000    14.220000    5.669590    5.758683
217    10218313.000000    13.000000    12.520000    5.713114    5.502169
218    10360232.000000    13.000000    12.780000    5.674618    5.578586
219    10503459.000000    13.000000    13.100000    5.612535    5.655709
220    10648000.000000    13.000000    13.140000    5.672451    5.733538
221    10793861.000000    14.000000    13.250000    5.702417    5.396930
222    10941048.000000    13.000000    13.250000    5.780176    5.891334
223    11089567.000000    13.000000    13.630000    5.695302    5.971305
224    11239424.000000    14.000000    14.260000    5.517249    5.619712
225    11390625.000000    14.000000    14.120000    5.646910    5.695312
226    11543176.000000    15.000000    14.180000    5.698324    5.386815
227    11697083.000000    12.000000    12.270000    5.719845    5.848541
228    11852352.000000    12.000000    12.400000    5.735009    5.926176
229    12008989.000000    13.000000    12.700000    5.673538    5.542610
230    12167000.000000    13.000000    12.790000    5.707740    5.615538
231    12326391.000000    13.000000    12.940000    5.715483    5.689104
232    12487168.000000    13.000000    13.080000    5.728059    5.763308
233    12649337.000000    13.000000    13.200000    5.749699    5.838156
234    12812904.000000    13.000000    13.510000    5.690409    5.913648
235    12977875.000000    14.000000    13.570000    5.738191    5.561946
236    13144256.000000    14.000000    13.990000    5.637279    5.633253
237    13312053.000000    14.000000    14.230000    5.612953    5.705166
238    13481272.000000    14.000000    14.170000    5.708372    5.777688
239    13651919.000000    12.000000    11.960000    5.707324    5.688300
240    13824000.000000    12.000000    12.110000    5.707680    5.760000
241    13997521.000000    12.000000    12.280000    5.699316    5.832300
242    14172488.000000    12.000000    12.300000    5.761174    5.905203
243    14348907.000000    13.000000    12.720000    5.640294    5.518810
244    14526784.000000    13.000000    13.000000    5.587225    5.587225
245    14706125.000000    13.000000    13.610000    5.402691    5.656202
246    14886936.000000    13.000000    13.050000    5.703807    5.725745
247    15069223.000000    14.000000    13.350000    5.643904    5.381865
248    15252992.000000    13.000000    13.320000    5.725598    5.866535
249    15438249.000000    14.000000    13.550000    5.696771    5.513660
250    15625000.000000    13.000000    13.720000    5.694242    6.009615
251    15813251.000000    14.000000    13.900000    5.688220    5.647590
252    16003008.000000    15.000000    14.210000    5.630897    5.334336
253    16194277.000000    15.000000    15.430000    5.247659    5.398092
254    16387064.000000    12.000000    11.830000    5.540850    5.462355
255    16581375.000000    12.000000    11.580000    5.727591    5.527125
256    16777216.000000    12.000000    11.730000    5.721131    5.592405
257    16974593.000000    12.000000    12.190000    5.570006    5.658198
258    17173512.000000    12.000000    11.980000    5.734061    5.724504
259    17373979.000000    12.000000    12.120000    5.733986    5.791326
260    17576000.000000    13.000000    12.690000    5.540110    5.408000
261    17779581.000000    13.000000    12.480000    5.698584    5.470640
262    17984728.000000    12.000000    12.410000    5.796850    5.994909
263    18191447.000000    13.000000    12.810000    5.680389    5.597368
264    18399744.000000    13.000000    12.780000    5.758918    5.661460
265    18609625.000000    14.000000    13.300000    5.596880    5.317036
266    18821096.000000    13.000000    13.200000    5.703362    5.791106
267    19034163.000000    13.000000    13.130000    5.798679    5.856666
268    19248832.000000    14.000000    13.840000    5.563246    5.499666
269    19465109.000000    14.000000    13.820000    5.633896    5.561460
270    19683000.000000    14.000000    13.630000    5.776376    5.623714
271    19902511.000000    14.000000    13.880000    5.735594    5.686432
272    20123648.000000    14.000000    13.940000    5.774361    5.749614
273    20346417.000000    11.000000    10.600000    5.758420    5.549023
274    20570824.000000    11.000000    10.790000    5.719414    5.610225
275    20796875.000000    11.000000    10.810000    5.771566    5.671875
276    21024576.000000    11.000000    11.010000    5.728767    5.733975
277    21253933.000000    12.000000    11.130000    5.728823    5.313483
278    21484952.000000    12.000000    11.270000    5.719153    5.371238
279    21717639.000000    11.000000    11.200000    5.817225    5.922992
280    21952000.000000    11.000000    11.490000    5.731593    5.986909
281    22188041.000000    12.000000    11.630000    5.723484    5.547010
282    22425768.000000    11.000000    11.870000    5.667844    6.116119
283    22665187.000000    12.000000    11.930000    5.699544    5.666297
284    22906304.000000    12.000000    12.140000    5.660536    5.726576
285    23149125.000000    12.000000    12.110000    5.734713    5.787281
286    23393656.000000    12.000000    12.240000    5.733739    5.848414
287    23639903.000000    12.000000    12.580000    5.637497    5.909976
288    23887872.000000    12.000000    12.480000    5.742277    5.971968
289    24137569.000000    13.000000    12.580000    5.756177    5.570208
290    24389000.000000    13.000000    12.780000    5.725117    5.628231
291    24642171.000000    13.000000    12.730000    5.807267    5.686655
292    24897088.000000    14.000000    13.800000    5.412410    5.335090
293    25153757.000000    13.000000    13.300000    5.673780    5.804713
294    25412184.000000    13.000000    13.300000    5.732072    5.864350
295    25672375.000000    14.000000    13.560000    5.679729    5.501223
296    25934336.000000    14.000000    13.450000    5.784610    5.557358
297    26198073.000000    14.000000    13.890000    5.658331    5.613873
298    26463592.000000    14.000000    13.890000    5.715679    5.670770
299    26730899.000000    14.000000    13.980000    5.736244    5.728050
300    27000000.000000    14.000000    14.140000    5.728430    5.785714
300    27000000.000000    42.000000    42.370000    5.735190    5.785714
305    28372625.000000    40.000000    39.520000    5.743446    5.674525
310    29791000.000000    43.000000    42.180000    5.650261    5.542512
315    31255875.000000    38.000000    38.210000    5.726017    5.757661
320    32768000.000000    40.000000    40.170000    5.710132    5.734400
325    34328125.000000    42.000000    41.970000    5.725444    5.721354
330    35937000.000000    38.000000    37.500000    5.749920    5.674263
335    37595375.000000    40.000000    39.830000    5.663376    5.639306
340    39304000.000000    41.000000    41.540000    5.677034    5.751805
345    41063625.000000    44.000000    43.170000    5.707245    5.599585
350    42875000.000000    38.000000    38.060000    5.632554    5.641447
355    44738875.000000    40.000000    39.550000    5.655989    5.592359
360    46656000.000000    41.000000    41.080000    5.678676    5.689756
365    48627125.000000    42.000000    42.550000    5.714116    5.788943
370    50653000.000000    36.000000    35.960000    5.634372    5.628111
375    52734375.000000    37.000000    36.910000    5.714915    5.701014
380    54872000.000000    39.000000    39.090000    5.614940    5.627897
385    57066625.000000    40.000000    40.380000    5.652959    5.706663
390    59319000.000000    42.000000    42.220000    5.619991    5.649429
395    61629875.000000    43.000000    42.990000    5.734345    5.733012
400    64000000.000000    34.000000    33.660000    5.704100    5.647059
405    66430125.000000    35.000000    34.890000    5.711963    5.694011
410    68921000.000000    36.000000    36.450000    5.672510    5.743417
415    71473375.000000    37.000000    37.880000    5.660510    5.795139
420    74088000.000000    39.000000    39.020000    5.696156    5.699077
425    76765625.000000    41.000000    40.670000    5.662574    5.616997
430    79507000.000000    43.000000    42.780000    5.575526    5.547000
435    82312875.000000    44.000000    43.310000    5.701654    5.612241
440    85184000.000000    31.000000    30.160000    5.648806    5.495742
445    88121125.000000    31.000000    31.350000    5.621762    5.685234
450    91125000.000000    32.000000    32.170000    5.665216    5.695312
455    94196375.000000    33.000000    33.270000    5.662541    5.708871
460    97336000.000000    34.000000    34.270000    5.680537    5.725647
465    100544625.000000    35.000000    35.030000    5.740487    5.745407
470    103823000.000000    37.000000    36.530000    5.684260    5.612054
475    107171875.000000    39.000000    38.720000    5.535737    5.495994
480    110592000.000000    39.000000    39.370000    5.618085    5.671385
485    114084125.000000    40.000000    40.370000    5.651926    5.704206
490    117649000.000000    41.000000    41.120000    5.722228    5.738976
495    121287375.000000    43.000000    42.410000    5.719754    5.641273
500    125000000.000000    45.000000    45.340000    5.513895    5.555556
